0 0 0 0 0 0 1 1
0 0 0 0 0 0 1 1
0 0 0 0 0 0 1 1
0 0 0 0 0 0 1 1
0 0 0 0 0 0 1 1
0 0 0 0 0 0 1 1
0 0 0 0 0 0 1 1
0 0 0 0 0 0 1 1
0 0 0 0 0 0 1 1
0 0 0 0 0 0 1 1
0 0 0 0 0 0 1 1
0 0 0 0 0 0 1 1
0 0 0 0 0 0 1 1
0 0 0 0 0 0 1 1
0 0 0 0 0 0 1 1
0 0 0 0 0 0 1 1
0 0 0 0 0 0 1 1
1 0 0 0 0 0 1 1
1 0 0 0 0 0 1 1
1 0 0 0 0 0 1 1
0 0 0 0 0 1 1 2
0 0 0 0 0 1 1 2
0 0 0 0 0 1 1 2
0 0 0 0 0 1 1 2
0 0 0 0 0 1 1 2
0 0 0 0 0 1 1 2
0 0 0 0 0 1 1 2
0 0 0 0 0 1 1 2
0 0 0 0 0 1 1 2
0 0 0 0 0 1 1 2
0 0 0 0 0 1 1 2
1 0 0 0 0 1 1 2
1 0 0 0 0 1 1 2
1 0 0 0 0 1 1 2
1 0 0 0 0 1 1 2
1 0 0 0 0 1 1 2
1 0 0 0 0 1 1 2
1 0 0 0 0 1 1 2
1 0 0 0 0 1 1 2
1 0 0 0 0 1 1 2
0 0 0 1 1 1 1 5
0 0 0 1 1 1 1 5
0 0 0 1 1 1 1 5
0 0 0 1 1 1 1 5
1 0 0 1 1 1 1 5
1 0 0 1 1 1 1 5
1 0 0 1 1 1 1 5
1 0 0 1 1 1 1 5
1 0 0 1 1 1 1 5
1 0 0 1 1 1 1 5
1 0 0 1 1 1 1 5
1 0 0 1 1 1 1 5
1 0 0 1 1 1 1 5
1 0 0 1 1 1 1 5
1 0 0 1 1 1 1 5
1 0 0 1 1 1 1 5
1 0 0 1 1 1 1 5
1 0 0 1 1 1 1 5
1 0 0 1 1 1 1 5
1 0 0 1 1 1 1 5
2 2 2 2 3 3 4 10
2 2 2 2 3 3 4 10
2 2 2 2 3 3 4 10
2 2 2 2 3 3 4 10
2 2 2 2 3 3 4 10
2 2 2 2 3 3 4 10
3 2 2 2 3 3 4 10
3 2 2 2 3 3 4 10
3 2 2 2 3 3 4 10
3 2 2 2 3 3 4 10
3 2 2 2 3 3 4 10
3 2 2 2 3 3 4 10
3 2 2 2 3 3 4 10
3 2 2 2 3 3 4 10
3 2 2 2 3 3 4 10
3 2 2 2 3 3 4 10
4 2 2 2 3 3 4 10
4 2 2 2 3 3 4 10
4 2 2 2 3 3 4 10
4 2 2 2 3 3 4 10
7 8 7 7 8 10 12 15
7 8 7 7 8 10 12 15
7 8 7 7 8 10 12 15
7 8 7 7 8 10 12 15
7 8 7 7 8 10 12 15
7 8 7 7 8 10 12 15
7 8 7 7 8 10 12 15
8 8 7 7 8 10 12 15
8 8 7 7 8 10 12 15
8 8 7 7 8 10 12 15
8 8 7 7 8 10 12 15
9 8 7 7 8 10 12 15
9 8 7 7 8 10 12 15
10 8 7 7 8 10 12 15
10 8 7 7 8 10 12 15
10 8 7 7 8 10 12 15
10 8 7 7 8 10 12 15
10 8 7 7 8 10 12 15
10 8 7 7 8 10 12 15
12 8 7 7 8 10 12 15
13 18 13 18 20 20 24 20
14 18 13 18 20 20 24 20
14 18 13 18 20 20 24 20
15 18 13 18 20 20 24 20
16 18 13 18 20 20 24 20
18 18 13 18 20 20 24 20
18 18 13 18 20 20 24 20
18 18 13 18 20 20 24 20
19 18 13 18 20 20 24 20
20 18 13 18 20 20 24 20
20 18 13 18 20 20 24 20
20 18 13 18 20 20 24 20
20 18 13 18 20 20 24 20
20 18 13 18 20 20 24 20
20 18 13 18 20 20 24 20
20 18 13 18 20 20 24 20
20 18 13 18 20 20 24 20
21 18 13 18 20 20 24 20
23 18 13 18 20 20 24 20
24 18 13 18 20 20 24 20
18 27 18 26 28 29 42 25
21 27 18 26 28 29 42 25
22 27 18 26 28 29 42 25
26 27 18 26 28 29 42 25
26 27 18 26 28 29 42 25
26 27 18 26 28 29 42 25
27 27 18 26 28 29 42 25
28 27 18 26 28 29 42 25
28 27 18 26 28 29 42 25
28 27 18 26 28 29 42 25
28 27 18 26 28 29 42 25
29 27 18 26 28 29 42 25
29 27 18 26 28 29 42 25
29 27 18 26 28 29 42 25
29 27 18 26 28 29 42 25
29 27 18 26 28 29 42 25
29 27 18 26 28 29 42 25
29 27 18 26 28 29 42 25
31 27 18 26 28 29 42 25
42 27 18 26 28 29 42 25
85 98 85 85 85 86 340 35
85 98 85 85 85 86 340 35
85 98 85 85 85 86 340 35
85 98 85 85 85 86 340 35
85 98 85 85 85 86 340 35
85 98 85 85 85 86 340 35
85 98 85 85 85 86 340 35
85 98 85 85 85 86 340 35
85 98 85 85 85 86 340 35
85 98 85 85 85 86 340 35
85 98 85 85 85 86 340 35
85 98 85 85 85 86 340 35
86 98 85 85 85 86 340 35
86 98 85 85 85 86 340 35
86 98 85 85 85 86 340 35
86 98 85 85 85 86 340 35
86 98 85 85 85 86 340 35
86 98 85 85 85 86 340 35
86 98 85 85 85 86 340 35
340 98 85 85 85 86 340 35
118 194 118 122 145 220 651 40
121 194 118 122 145 220 651 40
122 194 118 122 145 220 651 40
122 194 118 122 145 220 651 40
122 194 118 122 145 220 651 40
122 194 118 122 145 220 651 40
122 194 118 122 145 220 651 40
123 194 118 122 145 220 651 40
134 194 118 122 145 220 651 40
136 194 118 122 145 220 651 40
145 194 118 122 145 220 651 40
157 194 118 122 145 220 651 40
157 194 118 122 145 220 651 40
162 194 118 122 145 220 651 40
220 194 118 122 145 220 651 40
220 194 118 122 145 220 651 40
259 194 118 122 145 220 651 40
275 194 118 122 145 220 651 40
411 194 118 122 145 220 651 40
651 194 118 122 145 220 651 40
186 244 186 225 227 234 435 50
190 244 186 225 227 234 435 50
198 244 186 225 227 234 435 50
208 244 186 225 227 234 435 50
224 244 186 225 227 234 435 50
225 244 186 225 227 234 435 50
225 244 186 225 227 234 435 50
226 244 186 225 227 234 435 50
226 244 186 225 227 234 435 50
226 244 186 225 227 234 435 50
227 244 186 225 227 234 435 50
227 244 186 225 227 234 435 50
227 244 186 225 227 234 435 50
227 244 186 225 227 234 435 50
232 244 186 225 227 234 435 50
234 244 186 225 227 234 435 50
245 244 186 225 227 234 435 50
305 244 186 225 227 234 435 50
393 244 186 225 227 234 435 50
435 244 186 225 227 234 435 50
377 437 377 423 425 427 860 60
378 437 377 423 425 427 860 60
379 437 377 423 425 427 860 60
386 437 377 423 425 427 860 60
407 437 377 423 425 427 860 60
423 437 377 423 425 427 860 60
425 437 377 423 425 427 860 60
425 437 377 423 425 427 860 60
425 437 377 423 425 427 860 60
425 437 377 423 425 427 860 60
425 437 377 423 425 427 860 60
425 437 377 423 425 427 860 60
426 437 377 423 425 427 860 60
426 437 377 423 425 427 860 60
426 437 377 423 425 427 860 60
427 437 377 423 425 427 860 60
427 437 377 423 425 427 860 60
428 437 377 423 425 427 860 60
430 437 377 423 425 427 860 60
860 437 377 423 425 427 860 60
413 438 413 413 414 415 592 65
413 438 413 413 414 415 592 65
413 438 413 413 414 415 592 65
413 438 413 413 414 415 592 65
413 438 413 413 414 415 592 65
413 438 413 413 414 415 592 65
413 438 413 413 414 415 592 65
413 438 413 413 414 415 592 65
414 438 413 413 414 415 592 65
414 438 413 413 414 415 592 65
414 438 413 413 414 415 592 65
414 438 413 413 414 415 592 65
414 438 413 413 414 415 592 65
414 438 413 413 414 415 592 65
414 438 413 413 414 415 592 65
415 438 413 413 414 415 592 65
417 438 413 413 414 415 592 65
567 438 413 413 414 415 592 65
569 438 413 413 414 415 592 65
592 438 413 413 414 415 592 65
461 858 461 623 737 878 3202 75
461 858 461 623 737 878 3202 75
462 858 461 623 737 878 3202 75
566 858 461 623 737 878 3202 75
567 858 461 623 737 878 3202 75
623 858 461 623 737 878 3202 75
623 858 461 623 737 878 3202 75
625 858 461 623 737 878 3202 75
625 858 461 623 737 878 3202 75
625 858 461 623 737 878 3202 75
737 858 461 623 737 878 3202 75
745 858 461 623 737 878 3202 75
771 858 461 623 737 878 3202 75
780 858 461 623 737 878 3202 75
840 858 461 623 737 878 3202 75
878 858 461 623 737 878 3202 75
878 858 461 623 737 878 3202 75
990 858 461 623 737 878 3202 75
1708 858 461 623 737 878 3202 75
3202 858 461 623 737 878 3202 75
890 1370 890 988 1395 1732 2475 85
891 1370 890 988 1395 1732 2475 85
892 1370 890 988 1395 1732 2475 85
894 1370 890 988 1395 1732 2475 85
895 1370 890 988 1395 1732 2475 85
988 1370 890 988 1395 1732 2475 85
990 1370 890 988 1395 1732 2475 85
1086 1370 890 988 1395 1732 2475 85
1105 1370 890 988 1395 1732 2475 85
1314 1370 890 988 1395 1732 2475 85
1395 1370 890 988 1395 1732 2475 85
1464 1370 890 988 1395 1732 2475 85
1603 1370 890 988 1395 1732 2475 85
1617 1370 890 988 1395 1732 2475 85
1701 1370 890 988 1395 1732 2475 85
1732 1370 890 988 1395 1732 2475 85
1742 1370 890 988 1395 1732 2475 85
1816 1370 890 988 1395 1732 2475 85
1924 1370 890 988 1395 1732 2475 85
2475 1370 890 988 1395 1732 2475 85
1208 1328 1208 1211 1334 1423 1566 90
1209 1328 1208 1211 1334 1423 1566 90
1209 1328 1208 1211 1334 1423 1566 90
1210 1328 1208 1211 1334 1423 1566 90
1210 1328 1208 1211 1334 1423 1566 90
1211 1328 1208 1211 1334 1423 1566 90
1212 1328 1208 1211 1334 1423 1566 90
1226 1328 1208 1211 1334 1423 1566 90
1234 1328 1208 1211 1334 1423 1566 90
1236 1328 1208 1211 1334 1423 1566 90
1334 1328 1208 1211 1334 1423 1566 90
1395 1328 1208 1211 1334 1423 1566 90
1406 1328 1208 1211 1334 1423 1566 90
1421 1328 1208 1211 1334 1423 1566 90
1422 1328 1208 1211 1334 1423 1566 90
1423 1328 1208 1211 1334 1423 1566 90
1432 1328 1208 1211 1334 1423 1566 90
1477 1328 1208 1211 1334 1423 1566 90
1522 1328 1208 1211 1334 1423 1566 90
1566 1328 1208 1211 1334 1423 1566 90
1637 2126 1637 1671 1859 2029 4784 100
1640 2126 1637 1671 1859 2029 4784 100
1642 2126 1637 1671 1859 2029 4784 100
1643 2126 1637 1671 1859 2029 4784 100
1644 2126 1637 1671 1859 2029 4784 100
1671 2126 1637 1671 1859 2029 4784 100
1690 2126 1637 1671 1859 2029 4784 100
1708 2126 1637 1671 1859 2029 4784 100
1820 2126 1637 1671 1859 2029 4784 100
1847 2126 1637 1671 1859 2029 4784 100
1859 2126 1637 1671 1859 2029 4784 100
1874 2126 1637 1671 1859 2029 4784 100
1881 2126 1637 1671 1859 2029 4784 100
1897 2126 1637 1671 1859 2029 4784 100
1900 2126 1637 1671 1859 2029 4784 100
2029 2126 1637 1671 1859 2029 4784 100
2724 2126 1637 1671 1859 2029 4784 100
3247 2126 1637 1671 1859 2029 4784 100
3387 2126 1637 1671 1859 2029 4784 100
4784 2126 1637 1671 1859 2029 4784 100
