0 0 0 0 0 1 1 1
0 0 0 0 0 1 1 1
0 0 0 0 0 1 1 1
0 0 0 0 0 1 1 1
0 0 0 0 0 1 1 1
0 0 0 0 0 1 1 1
0 0 0 0 0 1 1 1
0 0 0 0 0 1 1 1
0 0 0 0 0 1 1 1
0 0 0 0 0 1 1 1
0 0 0 0 0 1 1 1
0 0 0 0 0 1 1 1
1 0 0 0 0 1 1 1
1 0 0 0 0 1 1 1
1 0 0 0 0 1 1 1
1 0 0 0 0 1 1 1
1 0 0 0 0 1 1 1
1 0 0 0 0 1 1 1
1 0 0 0 0 1 1 1
1 0 0 0 0 1 1 1
0 0 0 0 1 1 2 2
0 0 0 0 1 1 2 2
0 0 0 0 1 1 2 2
0 0 0 0 1 1 2 2
0 0 0 0 1 1 2 2
0 0 0 0 1 1 2 2
0 0 0 0 1 1 2 2
0 0 0 0 1 1 2 2
0 0 0 0 1 1 2 2
1 0 0 0 1 1 2 2
1 0 0 0 1 1 2 2
1 0 0 0 1 1 2 2
1 0 0 0 1 1 2 2
1 0 0 0 1 1 2 2
1 0 0 0 1 1 2 2
1 0 0 0 1 1 2 2
1 0 0 0 1 1 2 2
1 0 0 0 1 1 2 2
1 0 0 0 1 1 2 2
2 0 0 0 1 1 2 2
0 1 0 1 1 1 2 5
1 1 0 1 1 1 2 5
1 1 0 1 1 1 2 5
1 1 0 1 1 1 2 5
1 1 0 1 1 1 2 5
1 1 0 1 1 1 2 5
1 1 0 1 1 1 2 5
1 1 0 1 1 1 2 5
1 1 0 1 1 1 2 5
1 1 0 1 1 1 2 5
1 1 0 1 1 1 2 5
1 1 0 1 1 1 2 5
1 1 0 1 1 1 2 5
1 1 0 1 1 1 2 5
1 1 0 1 1 1 2 5
1 1 0 1 1 1 2 5
2 1 0 1 1 1 2 5
2 1 0 1 1 1 2 5
2 1 0 1 1 1 2 5
2 1 0 1 1 1 2 5
3 3 3 3 4 4 5 10
3 3 3 3 4 4 5 10
3 3 3 3 4 4 5 10
3 3 3 3 4 4 5 10
3 3 3 3 4 4 5 10
3 3 3 3 4 4 5 10
3 3 3 3 4 4 5 10
4 3 3 3 4 4 5 10
4 3 3 3 4 4 5 10
4 3 3 3 4 4 5 10
4 3 3 3 4 4 5 10
4 3 3 3 4 4 5 10
4 3 3 3 4 4 5 10
4 3 3 3 4 4 5 10
4 3 3 3 4 4 5 10
4 3 3 3 4 4 5 10
4 3 3 3 4 4 5 10
5 3 3 3 4 4 5 10
5 3 3 3 4 4 5 10
5 3 3 3 4 4 5 10
8 17 8 11 14 28 34 15
9 17 8 11 14 28 34 15
11 17 8 11 14 28 34 15
11 17 8 11 14 28 34 15
11 17 8 11 14 28 34 15
11 17 8 11 14 28 34 15
12 17 8 11 14 28 34 15
12 17 8 11 14 28 34 15
12 17 8 11 14 28 34 15
14 17 8 11 14 28 34 15
14 17 8 11 14 28 34 15
15 17 8 11 14 28 34 15
16 17 8 11 14 28 34 15
18 17 8 11 14 28 34 15
22 17 8 11 14 28 34 15
28 17 8 11 14 28 34 15
29 17 8 11 14 28 34 15
33 17 8 11 14 28 34 15
34 17 8 11 14 28 34 15
34 17 8 11 14 28 34 15
22 45 22 26 26 26 406 20
25 45 22 26 26 26 406 20
26 45 22 26 26 26 406 20
26 45 22 26 26 26 406 20
26 45 22 26 26 26 406 20
26 45 22 26 26 26 406 20
26 45 22 26 26 26 406 20
26 45 22 26 26 26 406 20
26 45 22 26 26 26 406 20
26 45 22 26 26 26 406 20
26 45 22 26 26 26 406 20
26 45 22 26 26 26 406 20
26 45 22 26 26 26 406 20
26 45 22 26 26 26 406 20
26 45 22 26 26 26 406 20
26 45 22 26 26 26 406 20
26 45 22 26 26 26 406 20
30 45 22 26 26 26 406 20
36 45 22 26 26 26 406 20
406 45 22 26 26 26 406 20
42 45 42 42 44 49 54 25
42 45 42 42 44 49 54 25
42 45 42 42 44 49 54 25
42 45 42 42 44 49 54 25
42 45 42 42 44 49 54 25
42 45 42 42 44 49 54 25
42 45 42 42 44 49 54 25
42 45 42 42 44 49 54 25
43 45 42 42 44 49 54 25
43 45 42 42 44 49 54 25
44 45 42 42 44 49 54 25
45 45 42 42 44 49 54 25
46 45 42 42 44 49 54 25
47 45 42 42 44 49 54 25
47 45 42 42 44 49 54 25
49 45 42 42 44 49 54 25
49 45 42 42 44 49 54 25
49 45 42 42 44 49 54 25
50 45 42 42 44 49 54 25
54 45 42 42 44 49 54 25
108 143 108 142 143 153 172 35
121 143 108 142 143 153 172 35
130 143 108 142 143 153 172 35
133 143 108 142 143 153 172 35
138 143 108 142 143 153 172 35
142 143 108 142 143 153 172 35
142 143 108 142 143 153 172 35
142 143 108 142 143 153 172 35
143 143 108 142 143 153 172 35
143 143 108 142 143 153 172 35
143 143 108 142 143 153 172 35
144 143 108 142 143 153 172 35
150 143 108 142 143 153 172 35
152 143 108 142 143 153 172 35
152 143 108 142 143 153 172 35
153 143 108 142 143 153 172 35
153 143 108 142 143 153 172 35
153 143 108 142 143 153 172 35
154 143 108 142 143 153 172 35
172 143 108 142 143 153 172 35
159 506 159 202 549 555 1394 40
159 506 159 202 549 555 1394 40
172 506 159 202 549 555 1394 40
172 506 159 202 549 555 1394 40
175 506 159 202 549 555 1394 40
202 506 159 202 549 555 1394 40
235 506 159 202 549 555 1394 40
548 506 159 202 549 555 1394 40
548 506 159 202 549 555 1394 40
549 506 159 202 549 555 1394 40
549 506 159 202 549 555 1394 40
549 506 159 202 549 555 1394 40
550 506 159 202 549 555 1394 40
551 506 159 202 549 555 1394 40
552 506 159 202 549 555 1394 40
555 506 159 202 549 555 1394 40
597 506 159 202 549 555 1394 40
907 506 159 202 549 555 1394 40
1008 506 159 202 549 555 1394 40
1394 506 159 202 549 555 1394 40
300 403 300 317 402 432 643 50
315 403 300 317 402 432 643 50
316 403 300 317 402 432 643 50
316 403 300 317 402 432 643 50
316 403 300 317 402 432 643 50
317 403 300 317 402 432 643 50
367 403 300 317 402 432 643 50
378 403 300 317 402 432 643 50
380 403 300 317 402 432 643 50
381 403 300 317 402 432 643 50
402 403 300 317 402 432 643 50
405 403 300 317 402 432 643 50
417 403 300 317 402 432 643 50
420 403 300 317 402 432 643 50
423 403 300 317 402 432 643 50
432 403 300 317 402 432 643 50
466 403 300 317 402 432 643 50
487 403 300 317 402 432 643 50
585 403 300 317 402 432 643 50
643 403 300 317 402 432 643 50
585 818 585 718 740 949 1451 60
586 818 585 718 740 949 1451 60
587 818 585 718 740 949 1451 60
628 818 585 718 740 949 1451 60
717 818 585 718 740 949 1451 60
718 818 585 718 740 949 1451 60
718 818 585 718 740 949 1451 60
718 818 585 718 740 949 1451 60
722 818 585 718 740 949 1451 60
730 818 585 718 740 949 1451 60
740 818 585 718 740 949 1451 60
743 818 585 718 740 949 1451 60
745 818 585 718 740 949 1451 60
822 818 585 718 740 949 1451 60
930 818 585 718 740 949 1451 60
949 818 585 718 740 949 1451 60
1002 818 585 718 740 949 1451 60
1088 818 585 718 740 949 1451 60
1197 818 585 718 740 949 1451 60
1451 818 585 718 740 949 1451 60
624 827 624 739 812 902 1280 65
625 827 624 739 812 902 1280 65
626 827 624 739 812 902 1280 65
678 827 624 739 812 902 1280 65
738 827 624 739 812 902 1280 65
739 827 624 739 812 902 1280 65
768 827 624 739 812 902 1280 65
801 827 624 739 812 902 1280 65
811 827 624 739 812 902 1280 65
812 827 624 739 812 902 1280 65
812 827 624 739 812 902 1280 65
813 827 624 739 812 902 1280 65
815 827 624 739 812 902 1280 65
865 827 624 739 812 902 1280 65
899 827 624 739 812 902 1280 65
902 827 624 739 812 902 1280 65
904 827 624 739 812 902 1280 65
1015 827 624 739 812 902 1280 65
1028 827 624 739 812 902 1280 65
1280 827 624 739 812 902 1280 65
939 1438 939 1213 1271 1273 3630 75
1058 1438 939 1213 1271 1273 3630 75
1188 1438 939 1213 1271 1273 3630 75
1192 1438 939 1213 1271 1273 3630 75
1196 1438 939 1213 1271 1273 3630 75
1213 1438 939 1213 1271 1273 3630 75
1271 1438 939 1213 1271 1273 3630 75
1271 1438 939 1213 1271 1273 3630 75
1271 1438 939 1213 1271 1273 3630 75
1271 1438 939 1213 1271 1273 3630 75
1271 1438 939 1213 1271 1273 3630 75
1272 1438 939 1213 1271 1273 3630 75
1272 1438 939 1213 1271 1273 3630 75
1272 1438 939 1213 1271 1273 3630 75
1273 1438 939 1213 1271 1273 3630 75
1273 1438 939 1213 1271 1273 3630 75
1273 1438 939 1213 1271 1273 3630 75
1791 1438 939 1213 1271 1273 3630 75
2579 1438 939 1213 1271 1273 3630 75
3630 1438 939 1213 1271 1273 3630 75
2126 2515 2126 2324 2374 2634 5001 85
2127 2515 2126 2324 2374 2634 5001 85
2129 2515 2126 2324 2374 2634 5001 85
2131 2515 2126 2324 2374 2634 5001 85
2131 2515 2126 2324 2374 2634 5001 85
2324 2515 2126 2324 2374 2634 5001 85
2326 2515 2126 2324 2374 2634 5001 85
2342 2515 2126 2324 2374 2634 5001 85
2356 2515 2126 2324 2374 2634 5001 85
2360 2515 2126 2324 2374 2634 5001 85
2374 2515 2126 2324 2374 2634 5001 85
2382 2515 2126 2324 2374 2634 5001 85
2418 2515 2126 2324 2374 2634 5001 85
2470 2515 2126 2324 2374 2634 5001 85
2532 2515 2126 2324 2374 2634 5001 85
2634 2515 2126 2324 2374 2634 5001 85
2650 2515 2126 2324 2374 2634 5001 85
2745 2515 2126 2324 2374 2634 5001 85
2746 2515 2126 2324 2374 2634 5001 85
5001 2515 2126 2324 2374 2634 5001 85
1906 3154 1906 1972 2173 2925 11997 90
1906 3154 1906 1972 2173 2925 11997 90
1906 3154 1906 1972 2173 2925 11997 90
1909 3154 1906 1972 2173 2925 11997 90
1910 3154 1906 1972 2173 2925 11997 90
1972 3154 1906 1972 2173 2925 11997 90
2112 3154 1906 1972 2173 2925 11997 90
2140 3154 1906 1972 2173 2925 11997 90
2144 3154 1906 1972 2173 2925 11997 90
2156 3154 1906 1972 2173 2925 11997 90
2173 3154 1906 1972 2173 2925 11997 90
2338 3154 1906 1972 2173 2925 11997 90
2363 3154 1906 1972 2173 2925 11997 90
2598 3154 1906 1972 2173 2925 11997 90
2777 3154 1906 1972 2173 2925 11997 90
2925 3154 1906 1972 2173 2925 11997 90
3378 3154 1906 1972 2173 2925 11997 90
3929 3154 1906 1972 2173 2925 11997 90
8551 3154 1906 1972 2173 2925 11997 90
11997 3154 1906 1972 2173 2925 11997 90
2601 3358 2601 3029 3262 3418 7088 100
2601 3358 2601 3029 3262 3418 7088 100
2622 3358 2601 3029 3262 3418 7088 100
2689 3358 2601 3029 3262 3418 7088 100
2894 3358 2601 3029 3262 3418 7088 100
3029 3358 2601 3029 3262 3418 7088 100
3181 3358 2601 3029 3262 3418 7088 100
3181 3358 2601 3029 3262 3418 7088 100
3184 3358 2601 3029 3262 3418 7088 100
3249 3358 2601 3029 3262 3418 7088 100
3262 3358 2601 3029 3262 3418 7088 100
3363 3358 2601 3029 3262 3418 7088 100
3376 3358 2601 3029 3262 3418 7088 100
3384 3358 2601 3029 3262 3418 7088 100
3399 3358 2601 3029 3262 3418 7088 100
3418 3358 2601 3029 3262 3418 7088 100
3447 3358 2601 3029 3262 3418 7088 100
3467 3358 2601 3029 3262 3418 7088 100
3726 3358 2601 3029 3262 3418 7088 100
7088 3358 2601 3029 3262 3418 7088 100
