0 0 0 0 0 1 4 1
0 0 0 0 0 1 4 1
0 0 0 0 0 1 4 1
0 0 0 0 0 1 4 1
0 0 0 0 0 1 4 1
0 0 0 0 0 1 4 1
0 0 0 0 0 1 4 1
0 0 0 0 0 1 4 1
0 0 0 0 0 1 4 1
0 0 0 0 0 1 4 1
0 0 0 0 0 1 4 1
0 0 0 0 0 1 4 1
0 0 0 0 0 1 4 1
0 0 0 0 0 1 4 1
0 0 0 0 0 1 4 1
1 0 0 0 0 1 4 1
1 0 0 0 0 1 4 1
1 0 0 0 0 1 4 1
1 0 0 0 0 1 4 1
4 0 0 0 0 1 4 1
0 0 0 1 1 1 3 2
0 0 0 1 1 1 3 2
0 0 0 1 1 1 3 2
0 0 0 1 1 1 3 2
1 0 0 1 1 1 3 2
1 0 0 1 1 1 3 2
1 0 0 1 1 1 3 2
1 0 0 1 1 1 3 2
1 0 0 1 1 1 3 2
1 0 0 1 1 1 3 2
1 0 0 1 1 1 3 2
1 0 0 1 1 1 3 2
1 0 0 1 1 1 3 2
1 0 0 1 1 1 3 2
1 0 0 1 1 1 3 2
1 0 0 1 1 1 3 2
1 0 0 1 1 1 3 2
1 0 0 1 1 1 3 2
1 0 0 1 1 1 3 2
3 0 0 1 1 1 3 2
1 1 1 1 1 2 2 5
1 1 1 1 1 2 2 5
1 1 1 1 1 2 2 5
1 1 1 1 1 2 2 5
1 1 1 1 1 2 2 5
1 1 1 1 1 2 2 5
1 1 1 1 1 2 2 5
1 1 1 1 1 2 2 5
1 1 1 1 1 2 2 5
1 1 1 1 1 2 2 5
1 1 1 1 1 2 2 5
1 1 1 1 1 2 2 5
1 1 1 1 1 2 2 5
1 1 1 1 1 2 2 5
2 1 1 1 1 2 2 5
2 1 1 1 1 2 2 5
2 1 1 1 1 2 2 5
2 1 1 1 1 2 2 5
2 1 1 1 1 2 2 5
2 1 1 1 1 2 2 5
3 3 3 4 4 4 5 10
3 3 3 4 4 4 5 10
3 3 3 4 4 4 5 10
3 3 3 4 4 4 5 10
4 3 3 4 4 4 5 10
4 3 3 4 4 4 5 10
4 3 3 4 4 4 5 10
4 3 3 4 4 4 5 10
4 3 3 4 4 4 5 10
4 3 3 4 4 4 5 10
4 3 3 4 4 4 5 10
4 3 3 4 4 4 5 10
4 3 3 4 4 4 5 10
4 3 3 4 4 4 5 10
4 3 3 4 4 4 5 10
4 3 3 4 4 4 5 10
4 3 3 4 4 4 5 10
5 3 3 4 4 4 5 10
5 3 3 4 4 4 5 10
5 3 3 4 4 4 5 10
8 49 8 10 14 14 733 15
9 49 8 10 14 14 733 15
9 49 8 10 14 14 733 15
9 49 8 10 14 14 733 15
10 49 8 10 14 14 733 15
10 49 8 10 14 14 733 15
12 49 8 10 14 14 733 15
12 49 8 10 14 14 733 15
12 49 8 10 14 14 733 15
13 49 8 10 14 14 733 15
14 49 8 10 14 14 733 15
14 49 8 10 14 14 733 15
14 49 8 10 14 14 733 15
14 49 8 10 14 14 733 15
14 49 8 10 14 14 733 15
14 49 8 10 14 14 733 15
14 49 8 10 14 14 733 15
14 49 8 10 14 14 733 15
32 49 8 10 14 14 733 15
733 49 8 10 14 14 733 15
29 47 29 34 47 59 69 20
29 47 29 34 47 59 69 20
30 47 29 34 47 59 69 20
30 47 29 34 47 59 69 20
31 47 29 34 47 59 69 20
34 47 29 34 47 59 69 20
39 47 29 34 47 59 69 20
40 47 29 34 47 59 69 20
47 47 29 34 47 59 69 20
47 47 29 34 47 59 69 20
47 47 29 34 47 59 69 20
58 47 29 34 47 59 69 20
58 47 29 34 47 59 69 20
59 47 29 34 47 59 69 20
59 47 29 34 47 59 69 20
59 47 29 34 47 59 69 20
59 47 29 34 47 59 69 20
60 47 29 34 47 59 69 20
61 47 29 34 47 59 69 20
69 47 29 34 47 59 69 20
44 51 44 51 52 53 58 25
44 51 44 51 52 53 58 25
44 51 44 51 52 53 58 25
44 51 44 51 52 53 58 25
51 51 44 51 52 53 58 25
51 51 44 51 52 53 58 25
51 51 44 51 52 53 58 25
51 51 44 51 52 53 58 25
51 51 44 51 52 53 58 25
51 51 44 51 52 53 58 25
52 51 44 51 52 53 58 25
52 51 44 51 52 53 58 25
52 51 44 51 52 53 58 25
52 51 44 51 52 53 58 25
52 51 44 51 52 53 58 25
53 51 44 51 52 53 58 25
54 51 44 51 52 53 58 25
57 51 44 51 52 53 58 25
58 51 44 51 52 53 58 25
58 51 44 51 52 53 58 25
128 162 128 152 152 158 376 35
129 162 128 152 152 158 376 35
129 162 128 152 152 158 376 35
132 162 128 152 152 158 376 35
151 162 128 152 152 158 376 35
152 162 128 152 152 158 376 35
152 162 128 152 152 158 376 35
152 162 128 152 152 158 376 35
152 162 128 152 152 158 376 35
152 162 128 152 152 158 376 35
152 162 128 152 152 158 376 35
153 162 128 152 152 158 376 35
153 162 128 152 152 158 376 35
155 162 128 152 152 158 376 35
157 162 128 152 152 158 376 35
158 162 128 152 152 158 376 35
158 162 128 152 152 158 376 35
163 162 128 152 152 158 376 35
203 162 128 152 152 158 376 35
376 162 128 152 152 158 376 35
222 249 222 223 223 233 442 40
222 249 222 223 223 233 442 40
222 249 222 223 223 233 442 40
222 249 222 223 223 233 442 40
222 249 222 223 223 233 442 40
223 249 222 223 223 233 442 40
223 249 222 223 223 233 442 40
223 249 222 223 223 233 442 40
223 249 222 223 223 233 442 40
223 249 222 223 223 233 442 40
223 249 222 223 223 233 442 40
224 249 222 223 223 233 442 40
229 249 222 223 223 233 442 40
229 249 222 223 223 233 442 40
231 249 222 223 223 233 442 40
233 249 222 223 223 233 442 40
246 249 222 223 223 233 442 40
263 249 222 223 223 233 442 40
436 249 222 223 223 233 442 40
442 249 222 223 223 233 442 40
407 684 407 422 432 551 4251 50
421 684 407 422 432 551 4251 50
422 684 407 422 432 551 4251 50
422 684 407 422 432 551 4251 50
422 684 407 422 432 551 4251 50
422 684 407 422 432 551 4251 50
423 684 407 422 432 551 4251 50
423 684 407 422 432 551 4251 50
425 684 407 422 432 551 4251 50
430 684 407 422 432 551 4251 50
432 684 407 422 432 551 4251 50
432 684 407 422 432 551 4251 50
432 684 407 422 432 551 4251 50
435 684 407 422 432 551 4251 50
456 684 407 422 432 551 4251 50
551 684 407 422 432 551 4251 50
644 684 407 422 432 551 4251 50
779 684 407 422 432 551 4251 50
1053 684 407 422 432 551 4251 50
4251 684 407 422 432 551 4251 50
596 634 596 599 601 650 783 60
597 634 596 599 601 650 783 60
598 634 596 599 601 650 783 60
598 634 596 599 601 650 783 60
598 634 596 599 601 650 783 60
599 634 596 599 601 650 783 60
599 634 596 599 601 650 783 60
599 634 596 599 601 650 783 60
599 634 596 599 601 650 783 60
600 634 596 599 601 650 783 60
601 634 596 599 601 650 783 60
616 634 596 599 601 650 783 60
616 634 596 599 601 650 783 60
619 634 596 599 601 650 783 60
628 634 596 599 601 650 783 60
650 634 596 599 601 650 783 60
701 634 596 599 601 650 783 60
719 634 596 599 601 650 783 60
776 634 596 599 601 650 783 60
783 634 596 599 601 650 783 60
814 1621 814 894 959 1224 6874 65
870 1621 814 894 959 1224 6874 65
884 1621 814 894 959 1224 6874 65
891 1621 814 894 959 1224 6874 65
894 1621 814 894 959 1224 6874 65
894 1621 814 894 959 1224 6874 65
902 1621 814 894 959 1224 6874 65
914 1621 814 894 959 1224 6874 65
941 1621 814 894 959 1224 6874 65
958 1621 814 894 959 1224 6874 65
959 1621 814 894 959 1224 6874 65
990 1621 814 894 959 1224 6874 65
997 1621 814 894 959 1224 6874 65
1013 1621 814 894 959 1224 6874 65
1016 1621 814 894 959 1224 6874 65
1224 1621 814 894 959 1224 6874 65
1604 1621 814 894 959 1224 6874 65
2713 1621 814 894 959 1224 6874 65
6072 1621 814 894 959 1224 6874 65
6874 1621 814 894 959 1224 6874 65
934 1459 934 1267 1325 1627 3218 75
958 1459 934 1267 1325 1627 3218 75
963 1459 934 1267 1325 1627 3218 75
963 1459 934 1267 1325 1627 3218 75
1089 1459 934 1267 1325 1627 3218 75
1267 1459 934 1267 1325 1627 3218 75
1270 1459 934 1267 1325 1627 3218 75
1282 1459 934 1267 1325 1627 3218 75
1293 1459 934 1267 1325 1627 3218 75
1297 1459 934 1267 1325 1627 3218 75
1325 1459 934 1267 1325 1627 3218 75
1362 1459 934 1267 1325 1627 3218 75
1371 1459 934 1267 1325 1627 3218 75
1417 1459 934 1267 1325 1627 3218 75
1534 1459 934 1267 1325 1627 3218 75
1627 1459 934 1267 1325 1627 3218 75
1754 1459 934 1267 1325 1627 3218 75
2046 1459 934 1267 1325 1627 3218 75
2211 1459 934 1267 1325 1627 3218 75
3218 1459 934 1267 1325 1627 3218 75
1891 2248 1891 1897 2034 2306 4939 85
1891 2248 1891 1897 2034 2306 4939 85
1896 2248 1891 1897 2034 2306 4939 85
1896 2248 1891 1897 2034 2306 4939 85
1896 2248 1891 1897 2034 2306 4939 85
1897 2248 1891 1897 2034 2306 4939 85
1914 2248 1891 1897 2034 2306 4939 85
1925 2248 1891 1897 2034 2306 4939 85
1929 2248 1891 1897 2034 2306 4939 85
2023 2248 1891 1897 2034 2306 4939 85
2034 2248 1891 1897 2034 2306 4939 85
2067 2248 1891 1897 2034 2306 4939 85
2145 2248 1891 1897 2034 2306 4939 85
2163 2248 1891 1897 2034 2306 4939 85
2224 2248 1891 1897 2034 2306 4939 85
2306 2248 1891 1897 2034 2306 4939 85
2383 2248 1891 1897 2034 2306 4939 85
2652 2248 1891 1897 2034 2306 4939 85
2901 2248 1891 1897 2034 2306 4939 85
4939 2248 1891 1897 2034 2306 4939 85
1968 4698 1968 2478 5468 6169 8473 90
2376 4698 1968 2478 5468 6169 8473 90
2386 4698 1968 2478 5468 6169 8473 90
2445 4698 1968 2478 5468 6169 8473 90
2475 4698 1968 2478 5468 6169 8473 90
2478 4698 1968 2478 5468 6169 8473 90
2696 4698 1968 2478 5468 6169 8473 90
3294 4698 1968 2478 5468 6169 8473 90
3667 4698 1968 2478 5468 6169 8473 90
4356 4698 1968 2478 5468 6169 8473 90
5468 4698 1968 2478 5468 6169 8473 90
5540 4698 1968 2478 5468 6169 8473 90
5679 4698 1968 2478 5468 6169 8473 90
6003 4698 1968 2478 5468 6169 8473 90
6135 4698 1968 2478 5468 6169 8473 90
6169 4698 1968 2478 5468 6169 8473 90
6215 4698 1968 2478 5468 6169 8473 90
7718 4698 1968 2478 5468 6169 8473 90
8426 4698 1968 2478 5468 6169 8473 90
8473 4698 1968 2478 5468 6169 8473 90
2195 3264 2195 2873 3191 3494 5532 100
2556 3264 2195 2873 3191 3494 5532 100
2625 3264 2195 2873 3191 3494 5532 100
2653 3264 2195 2873 3191 3494 5532 100
2852 3264 2195 2873 3191 3494 5532 100
2873 3264 2195 2873 3191 3494 5532 100
3114 3264 2195 2873 3191 3494 5532 100
3126 3264 2195 2873 3191 3494 5532 100
3169 3264 2195 2873 3191 3494 5532 100
3190 3264 2195 2873 3191 3494 5532 100
3191 3264 2195 2873 3191 3494 5532 100
3215 3264 2195 2873 3191 3494 5532 100
3407 3264 2195 2873 3191 3494 5532 100
3462 3264 2195 2873 3191 3494 5532 100
3477 3264 2195 2873 3191 3494 5532 100
3494 3264 2195 2873 3191 3494 5532 100
3523 3264 2195 2873 3191 3494 5532 100
3783 3264 2195 2873 3191 3494 5532 100
3860 3264 2195 2873 3191 3494 5532 100
5532 3264 2195 2873 3191 3494 5532 100
