xi	avg(x)						n	xi-x	(xi-x)^2	sum	s^2	stdErr	Rse	ln
0	0	0	0	0	0	1	1	0	0	0	#«Õ¿◊!	#«Õ¿◊!	#«Õ¿◊!	#ƒ≈À/0!
0	0	0	0	0	0	1	1	0	0	0	#»Ãﬂ?	#»Ãﬂ?	#»Ãﬂ?	#»Ãﬂ?
0	0	0	0	0	0	1	1	0	0	0	#»Ãﬂ?	#»Ãﬂ?	#»Ãﬂ?	#»Ãﬂ?
0	0	0	0	0	0	1	1	0	0	0	#»Ãﬂ?	#»Ãﬂ?	#»Ãﬂ?	#»Ãﬂ?
0	0	0	0	0	0	1	1	0	0	0	#»Ãﬂ?	#»Ãﬂ?	#»Ãﬂ?	#»Ãﬂ?
0	0	0	0	0	0	1	1	0	0	0	#»Ãﬂ?	#»Ãﬂ?	#»Ãﬂ?	#»Ãﬂ?
0	0	0	0	0	0	1	1	0	0	0	#»Ãﬂ?	#»Ãﬂ?	#»Ãﬂ?	#»Ãﬂ?
0	0	0	0	0	0	1	1	0	0	0	#»Ãﬂ?	#»Ãﬂ?	#»Ãﬂ?	#»Ãﬂ?
0	0	0	0	0	0	1	1	0	0	0	#»Ãﬂ?	#»Ãﬂ?	#»Ãﬂ?	#»Ãﬂ?
0	0	0	0	0	0	1	1	0	0	0	#»Ãﬂ?	#»Ãﬂ?	#»Ãﬂ?	#»Ãﬂ?
0	0	0	0	0	0	1	1	0	0	0	#»Ãﬂ?	#»Ãﬂ?	#»Ãﬂ?	#»Ãﬂ?
0	0	0	0	0	0	1	1	0	0	0	#»Ãﬂ?	#»Ãﬂ?	#»Ãﬂ?	#»Ãﬂ?
0	0	0	0	0	0	1	1	0	0	0	#»Ãﬂ?	#»Ãﬂ?	#»Ãﬂ?	#»Ãﬂ?
0	0	0	0	0	0	1	1	0	0	0	#»Ãﬂ?	#»Ãﬂ?	#»Ãﬂ?	#»Ãﬂ?
0	0	0	0	0	0	1	1	0	0	0	#»Ãﬂ?	#»Ãﬂ?	#»Ãﬂ?	#»Ãﬂ?
0	0	0	0	0	0	1	1	0	0	0	#»Ãﬂ?	#»Ãﬂ?	#»Ãﬂ?	#»Ãﬂ?
1	0	0	0	0	0	1	1	1	1	1	#»Ãﬂ?	#»Ãﬂ?	#»Ãﬂ?	#»Ãﬂ?
1	0	0	0	0	0	1	1	1	1	2	#»Ãﬂ?	#»Ãﬂ?	#»Ãﬂ?	#»Ãﬂ?
1	0	0	0	0	0	1	1	1	1	3	#»Ãﬂ?	#»Ãﬂ?	#»Ãﬂ?	#»Ãﬂ?
1	0	0	0	0	0	1	1	1	1	4	#»Ãﬂ?	#»Ãﬂ?	#»Ãﬂ?	#»Ãﬂ?
0	0	0	0	0	1	2	2	0	0	0	#ƒ≈À/0!	#ƒ≈À/0!	#ƒ≈À/0!	#ƒ≈À/0!
0	0	0	0	0	1	2	2	0	0	0	#»Ãﬂ?	#»Ãﬂ?	#»Ãﬂ?	#»Ãﬂ?
0	0	0	0	0	1	2	2	0	0	0	#»Ãﬂ?	#»Ãﬂ?	#»Ãﬂ?	#»Ãﬂ?
0	0	0	0	0	1	2	2	0	0	0	#»Ãﬂ?	#»Ãﬂ?	#»Ãﬂ?	#»Ãﬂ?
0	0	0	0	0	1	2	2	0	0	0	#»Ãﬂ?	#»Ãﬂ?	#»Ãﬂ?	#»Ãﬂ?
0	0	0	0	0	1	2	2	0	0	0	#»Ãﬂ?	#»Ãﬂ?	#»Ãﬂ?	#»Ãﬂ?
0	0	0	0	0	1	2	2	0	0	0	#»Ãﬂ?	#»Ãﬂ?	#»Ãﬂ?	#»Ãﬂ?
0	0	0	0	0	1	2	2	0	0	0	#»Ãﬂ?	#»Ãﬂ?	#»Ãﬂ?	#»Ãﬂ?
0	0	0	0	0	1	2	2	0	0	0	#»Ãﬂ?	#»Ãﬂ?	#»Ãﬂ?	#»Ãﬂ?
0	0	0	0	0	1	2	2	0	0	0	#»Ãﬂ?	#»Ãﬂ?	#»Ãﬂ?	#»Ãﬂ?
0	0	0	0	0	1	2	2	0	0	0	#»Ãﬂ?	#»Ãﬂ?	#»Ãﬂ?	#»Ãﬂ?
0	0	0	0	0	1	2	2	0	0	0	#»Ãﬂ?	#»Ãﬂ?	#»Ãﬂ?	#»Ãﬂ?
0	0	0	0	0	1	2	2	0	0	0	#»Ãﬂ?	#»Ãﬂ?	#»Ãﬂ?	#»Ãﬂ?
0	0	0	0	0	1	2	2	0	0	0	#»Ãﬂ?	#»Ãﬂ?	#»Ãﬂ?	#»Ãﬂ?
0	0	0	0	0	1	2	2	0	0	0	#»Ãﬂ?	#»Ãﬂ?	#»Ãﬂ?	#»Ãﬂ?
1	0	0	0	0	1	2	2	1	1	1	#»Ãﬂ?	#»Ãﬂ?	#»Ãﬂ?	#»Ãﬂ?
1	0	0	0	0	1	2	2	1	1	2	#»Ãﬂ?	#»Ãﬂ?	#»Ãﬂ?	#»Ãﬂ?
1	0	0	0	0	1	2	2	1	1	3	#»Ãﬂ?	#»Ãﬂ?	#»Ãﬂ?	#»Ãﬂ?
1	0	0	0	0	1	2	2	1	1	4	#»Ãﬂ?	#»Ãﬂ?	#»Ãﬂ?	#»Ãﬂ?
2	0	0	0	0	1	2	2	2	4	8	#»Ãﬂ?	#»Ãﬂ?	#»Ãﬂ?	#»Ãﬂ?
0	0	0	1	1	1	1	5	0	0	0	8	2	#ƒ≈À/0!	#ƒ≈À/0!
0	0	0	1	1	1	1	5	0	0	0	#»Ãﬂ?	#»Ãﬂ?	#»Ãﬂ?	#»Ãﬂ?
0	0	0	1	1	1	1	5	0	0	0	#»Ãﬂ?	#»Ãﬂ?	#»Ãﬂ?	#»Ãﬂ?
0	0	0	1	1	1	1	5	0	0	0	#»Ãﬂ?	#»Ãﬂ?	#»Ãﬂ?	#»Ãﬂ?
1	0	0	1	1	1	1	5	1	1	1	#»Ãﬂ?	#»Ãﬂ?	#»Ãﬂ?	#»Ãﬂ?
1	0	0	1	1	1	1	5	1	1	2	#»Ãﬂ?	#»Ãﬂ?	#»Ãﬂ?	#»Ãﬂ?
1	0	0	1	1	1	1	5	1	1	3	#»Ãﬂ?	#»Ãﬂ?	#»Ãﬂ?	#»Ãﬂ?
1	0	0	1	1	1	1	5	1	1	4	#»Ãﬂ?	#»Ãﬂ?	#»Ãﬂ?	#»Ãﬂ?
1	0	0	1	1	1	1	5	1	1	5	#»Ãﬂ?	#»Ãﬂ?	#»Ãﬂ?	#»Ãﬂ?
1	0	0	1	1	1	1	5	1	1	6	#»Ãﬂ?	#»Ãﬂ?	#»Ãﬂ?	#»Ãﬂ?
1	0	0	1	1	1	1	5	1	1	7	#»Ãﬂ?	#»Ãﬂ?	#»Ãﬂ?	#»Ãﬂ?
1	0	0	1	1	1	1	5	1	1	8	#»Ãﬂ?	#»Ãﬂ?	#»Ãﬂ?	#»Ãﬂ?
1	0	0	1	1	1	1	5	1	1	9	#»Ãﬂ?	#»Ãﬂ?	#»Ãﬂ?	#»Ãﬂ?
1	0	0	1	1	1	1	5	1	1	10	#»Ãﬂ?	#»Ãﬂ?	#»Ãﬂ?	#»Ãﬂ?
1	0	0	1	1	1	1	5	1	1	11	#»Ãﬂ?	#»Ãﬂ?	#»Ãﬂ?	#»Ãﬂ?
1	0	0	1	1	1	1	5	1	1	12	#»Ãﬂ?	#»Ãﬂ?	#»Ãﬂ?	#»Ãﬂ?
1	0	0	1	1	1	1	5	1	1	13	#»Ãﬂ?	#»Ãﬂ?	#»Ãﬂ?	#»Ãﬂ?
1	0	0	1	1	1	1	5	1	1	14	#»Ãﬂ?	#»Ãﬂ?	#»Ãﬂ?	#»Ãﬂ?
1	0	0	1	1	1	1	5	1	1	15	#»Ãﬂ?	#»Ãﬂ?	#»Ãﬂ?	#»Ãﬂ?
1	0	0	1	1	1	1	5	1	1	16	#»Ãﬂ?	#»Ãﬂ?	#»Ãﬂ?	#»Ãﬂ?
2	2	2	2	3	3	4	10	0	0	0	4	0,894427191	#ƒ≈À/0!	#ƒ≈À/0!
2	2	2	2	3	3	4	10	0	0	0	#»Ãﬂ?	#»Ãﬂ?	#»Ãﬂ?	#»Ãﬂ?
2	2	2	2	3	3	4	10	0	0	0	#»Ãﬂ?	#»Ãﬂ?	#»Ãﬂ?	#»Ãﬂ?
2	2	2	2	3	3	4	10	0	0	0	#»Ãﬂ?	#»Ãﬂ?	#»Ãﬂ?	#»Ãﬂ?
2	2	2	2	3	3	4	10	0	0	0	#»Ãﬂ?	#»Ãﬂ?	#»Ãﬂ?	#»Ãﬂ?
2	2	2	2	3	3	4	10	0	0	0	#»Ãﬂ?	#»Ãﬂ?	#»Ãﬂ?	#»Ãﬂ?
2	2	2	2	3	3	4	10	0	0	0	#»Ãﬂ?	#»Ãﬂ?	#»Ãﬂ?	#»Ãﬂ?
2	2	2	2	3	3	4	10	0	0	0	#»Ãﬂ?	#»Ãﬂ?	#»Ãﬂ?	#»Ãﬂ?
3	2	2	2	3	3	4	10	1	1	1	#»Ãﬂ?	#»Ãﬂ?	#»Ãﬂ?	#»Ãﬂ?
3	2	2	2	3	3	4	10	1	1	2	#»Ãﬂ?	#»Ãﬂ?	#»Ãﬂ?	#»Ãﬂ?
3	2	2	2	3	3	4	10	1	1	3	#»Ãﬂ?	#»Ãﬂ?	#»Ãﬂ?	#»Ãﬂ?
3	2	2	2	3	3	4	10	1	1	4	#»Ãﬂ?	#»Ãﬂ?	#»Ãﬂ?	#»Ãﬂ?
3	2	2	2	3	3	4	10	1	1	5	#»Ãﬂ?	#»Ãﬂ?	#»Ãﬂ?	#»Ãﬂ?
3	2	2	2	3	3	4	10	1	1	6	#»Ãﬂ?	#»Ãﬂ?	#»Ãﬂ?	#»Ãﬂ?
3	2	2	2	3	3	4	10	1	1	7	#»Ãﬂ?	#»Ãﬂ?	#»Ãﬂ?	#»Ãﬂ?
3	2	2	2	3	3	4	10	1	1	8	#»Ãﬂ?	#»Ãﬂ?	#»Ãﬂ?	#»Ãﬂ?
3	2	2	2	3	3	4	10	1	1	9	#»Ãﬂ?	#»Ãﬂ?	#»Ãﬂ?	#»Ãﬂ?
3	2	2	2	3	3	4	10	1	1	10	#»Ãﬂ?	#»Ãﬂ?	#»Ãﬂ?	#»Ãﬂ?
3	2	2	2	3	3	4	10	1	1	11	#»Ãﬂ?	#»Ãﬂ?	#»Ãﬂ?	#»Ãﬂ?
4	2	2	2	3	3	4	10	2	4	15	#»Ãﬂ?	#»Ãﬂ?	#»Ãﬂ?	#»Ãﬂ?
6	7	6	7	8	9	12	15	-1	1	1	1,666666667	0,40824829	20,41241452	-2,625439678
6	7	6	7	8	9	12	15	-1	1	2	#»Ãﬂ?	#»Ãﬂ?	#»Ãﬂ?	#»Ãﬂ?
7	7	6	7	8	9	12	15	0	0	2	#»Ãﬂ?	#»Ãﬂ?	#»Ãﬂ?	#»Ãﬂ?
7	7	6	7	8	9	12	15	0	0	2	#»Ãﬂ?	#»Ãﬂ?	#»Ãﬂ?	#»Ãﬂ?
7	7	6	7	8	9	12	15	0	0	2	#»Ãﬂ?	#»Ãﬂ?	#»Ãﬂ?	#»Ãﬂ?
7	7	6	7	8	9	12	15	0	0	2	#»Ãﬂ?	#»Ãﬂ?	#»Ãﬂ?	#»Ãﬂ?
7	7	6	7	8	9	12	15	0	0	2	#»Ãﬂ?	#»Ãﬂ?	#»Ãﬂ?	#»Ãﬂ?
8	7	6	7	8	9	12	15	1	1	3	#»Ãﬂ?	#»Ãﬂ?	#»Ãﬂ?	#»Ãﬂ?
8	7	6	7	8	9	12	15	1	1	4	#»Ãﬂ?	#»Ãﬂ?	#»Ãﬂ?	#»Ãﬂ?
8	7	6	7	8	9	12	15	1	1	5	#»Ãﬂ?	#»Ãﬂ?	#»Ãﬂ?	#»Ãﬂ?
8	7	6	7	8	9	12	15	1	1	6	#»Ãﬂ?	#»Ãﬂ?	#»Ãﬂ?	#»Ãﬂ?
8	7	6	7	8	9	12	15	1	1	7	#»Ãﬂ?	#»Ãﬂ?	#»Ãﬂ?	#»Ãﬂ?
8	7	6	7	8	9	12	15	1	1	8	#»Ãﬂ?	#»Ãﬂ?	#»Ãﬂ?	#»Ãﬂ?
8	7	6	7	8	9	12	15	1	1	9	#»Ãﬂ?	#»Ãﬂ?	#»Ãﬂ?	#»Ãﬂ?
8	7	6	7	8	9	12	15	1	1	10	#»Ãﬂ?	#»Ãﬂ?	#»Ãﬂ?	#»Ãﬂ?
9	7	6	7	8	9	12	15	2	4	14	#»Ãﬂ?	#»Ãﬂ?	#»Ãﬂ?	#»Ãﬂ?
9	7	6	7	8	9	12	15	2	4	18	#»Ãﬂ?	#»Ãﬂ?	#»Ãﬂ?	#»Ãﬂ?
9	7	6	7	8	9	12	15	2	4	22	#»Ãﬂ?	#»Ãﬂ?	#»Ãﬂ?	#»Ãﬂ?
9	7	6	7	8	9	12	15	2	4	26	#»Ãﬂ?	#»Ãﬂ?	#»Ãﬂ?	#»Ãﬂ?
12	7	6	7	8	9	12	15	5	25	51	#»Ãﬂ?	#»Ãﬂ?	#»Ãﬂ?	#»Ãﬂ?
11	15	11	14	16	18	23	20	-4	16	16	3,642857143	0,49280538	7,040076861	-1,340116179
11	15	11	14	16	18	23	20	-4	16	32	#»Ãﬂ?	#»Ãﬂ?	#»Ãﬂ?	#»Ãﬂ?
12	15	11	14	16	18	23	20	-3	9	41	#»Ãﬂ?	#»Ãﬂ?	#»Ãﬂ?	#»Ãﬂ?
13	15	11	14	16	18	23	20	-2	4	45	#»Ãﬂ?	#»Ãﬂ?	#»Ãﬂ?	#»Ãﬂ?
14	15	11	14	16	18	23	20	-1	1	46	#»Ãﬂ?	#»Ãﬂ?	#»Ãﬂ?	#»Ãﬂ?
14	15	11	14	16	18	23	20	-1	1	47	#»Ãﬂ?	#»Ãﬂ?	#»Ãﬂ?	#»Ãﬂ?
15	15	11	14	16	18	23	20	0	0	47	#»Ãﬂ?	#»Ãﬂ?	#»Ãﬂ?	#»Ãﬂ?
15	15	11	14	16	18	23	20	0	0	47	#»Ãﬂ?	#»Ãﬂ?	#»Ãﬂ?	#»Ãﬂ?
15	15	11	14	16	18	23	20	0	0	47	#»Ãﬂ?	#»Ãﬂ?	#»Ãﬂ?	#»Ãﬂ?
15	15	11	14	16	18	23	20	0	0	47	#»Ãﬂ?	#»Ãﬂ?	#»Ãﬂ?	#»Ãﬂ?
16	15	11	14	16	18	23	20	1	1	48	#»Ãﬂ?	#»Ãﬂ?	#»Ãﬂ?	#»Ãﬂ?
17	15	11	14	16	18	23	20	2	4	52	#»Ãﬂ?	#»Ãﬂ?	#»Ãﬂ?	#»Ãﬂ?
17	15	11	14	16	18	23	20	2	4	56	#»Ãﬂ?	#»Ãﬂ?	#»Ãﬂ?	#»Ãﬂ?
17	15	11	14	16	18	23	20	2	4	60	#»Ãﬂ?	#»Ãﬂ?	#»Ãﬂ?	#»Ãﬂ?
17	15	11	14	16	18	23	20	2	4	64	#»Ãﬂ?	#»Ãﬂ?	#»Ãﬂ?	#»Ãﬂ?
18	15	11	14	16	18	23	20	3	9	73	#»Ãﬂ?	#»Ãﬂ?	#»Ãﬂ?	#»Ãﬂ?
18	15	11	14	16	18	23	20	3	9	82	#»Ãﬂ?	#»Ãﬂ?	#»Ãﬂ?	#»Ãﬂ?
20	15	11	14	16	18	23	20	5	25	107	#»Ãﬂ?	#»Ãﬂ?	#»Ãﬂ?	#»Ãﬂ?
20	15	11	14	16	18	23	20	5	25	132	#»Ãﬂ?	#»Ãﬂ?	#»Ãﬂ?	#»Ãﬂ?
23	15	11	14	16	18	23	20	8	64	196	#»Ãﬂ?	#»Ãﬂ?	#»Ãﬂ?	#»Ãﬂ?
25	30	25	27	30	32	47	25	-5	25	25	10,31578947	0,718184846	4,787898976	-2,497975533
26	30	25	27	30	32	47	25	-4	16	41	#»Ãﬂ?	#»Ãﬂ?	#»Ãﬂ?	#»Ãﬂ?
26	30	25	27	30	32	47	25	-4	16	57	#»Ãﬂ?	#»Ãﬂ?	#»Ãﬂ?	#»Ãﬂ?
26	30	25	27	30	32	47	25	-4	16	73	#»Ãﬂ?	#»Ãﬂ?	#»Ãﬂ?	#»Ãﬂ?
27	30	25	27	30	32	47	25	-3	9	82	#»Ãﬂ?	#»Ãﬂ?	#»Ãﬂ?	#»Ãﬂ?
27	30	25	27	30	32	47	25	-3	9	91	#»Ãﬂ?	#»Ãﬂ?	#»Ãﬂ?	#»Ãﬂ?
29	30	25	27	30	32	47	25	-1	1	92	#»Ãﬂ?	#»Ãﬂ?	#»Ãﬂ?	#»Ãﬂ?
29	30	25	27	30	32	47	25	-1	1	93	#»Ãﬂ?	#»Ãﬂ?	#»Ãﬂ?	#»Ãﬂ?
29	30	25	27	30	32	47	25	-1	1	94	#»Ãﬂ?	#»Ãﬂ?	#»Ãﬂ?	#»Ãﬂ?
29	30	25	27	30	32	47	25	-1	1	95	#»Ãﬂ?	#»Ãﬂ?	#»Ãﬂ?	#»Ãﬂ?
30	30	25	27	30	32	47	25	0	0	95	#»Ãﬂ?	#»Ãﬂ?	#»Ãﬂ?	#»Ãﬂ?
30	30	25	27	30	32	47	25	0	0	95	#»Ãﬂ?	#»Ãﬂ?	#»Ãﬂ?	#»Ãﬂ?
30	30	25	27	30	32	47	25	0	0	95	#»Ãﬂ?	#»Ãﬂ?	#»Ãﬂ?	#»Ãﬂ?
30	30	25	27	30	32	47	25	0	0	95	#»Ãﬂ?	#»Ãﬂ?	#»Ãﬂ?	#»Ãﬂ?
31	30	25	27	30	32	47	25	1	1	96	#»Ãﬂ?	#»Ãﬂ?	#»Ãﬂ?	#»Ãﬂ?
32	30	25	27	30	32	47	25	2	4	100	#»Ãﬂ?	#»Ãﬂ?	#»Ãﬂ?	#»Ãﬂ?
32	30	25	27	30	32	47	25	2	4	104	#»Ãﬂ?	#»Ãﬂ?	#»Ãﬂ?	#»Ãﬂ?
32	30	25	27	30	32	47	25	2	4	108	#»Ãﬂ?	#»Ãﬂ?	#»Ãﬂ?	#»Ãﬂ?
33	30	25	27	30	32	47	25	3	9	117	#»Ãﬂ?	#»Ãﬂ?	#»Ãﬂ?	#»Ãﬂ?
47	30	25	27	30	32	47	25	17	289	406	#»Ãﬂ?	#»Ãﬂ?	#»Ãﬂ?	#»Ãﬂ?
76	207	76	84	85	87	2460	35	-131	17161	17161	16,91666667	0,822597512	2,741991707	7,337592025
79	207	76	84	85	87	2460	35	-128	16384	33545	#»Ãﬂ?	#»Ãﬂ?	#»Ãﬂ?	#»Ãﬂ?
82	207	76	84	85	87	2460	35	-125	15625	49170	#»Ãﬂ?	#»Ãﬂ?	#»Ãﬂ?	#»Ãﬂ?
82	207	76	84	85	87	2460	35	-125	15625	64795	#»Ãﬂ?	#»Ãﬂ?	#»Ãﬂ?	#»Ãﬂ?
84	207	76	84	85	87	2460	35	-123	15129	79924	#»Ãﬂ?	#»Ãﬂ?	#»Ãﬂ?	#»Ãﬂ?
84	207	76	84	85	87	2460	35	-123	15129	95053	#»Ãﬂ?	#»Ãﬂ?	#»Ãﬂ?	#»Ãﬂ?
85	207	76	84	85	87	2460	35	-122	14884	109937	#»Ãﬂ?	#»Ãﬂ?	#»Ãﬂ?	#»Ãﬂ?
85	207	76	84	85	87	2460	35	-122	14884	124821	#»Ãﬂ?	#»Ãﬂ?	#»Ãﬂ?	#»Ãﬂ?
85	207	76	84	85	87	2460	35	-122	14884	139705	#»Ãﬂ?	#»Ãﬂ?	#»Ãﬂ?	#»Ãﬂ?
85	207	76	84	85	87	2460	35	-122	14884	154589	#»Ãﬂ?	#»Ãﬂ?	#»Ãﬂ?	#»Ãﬂ?
85	207	76	84	85	87	2460	35	-122	14884	169473	#»Ãﬂ?	#»Ãﬂ?	#»Ãﬂ?	#»Ãﬂ?
85	207	76	84	85	87	2460	35	-122	14884	184357	#»Ãﬂ?	#»Ãﬂ?	#»Ãﬂ?	#»Ãﬂ?
85	207	76	84	85	87	2460	35	-122	14884	199241	#»Ãﬂ?	#»Ãﬂ?	#»Ãﬂ?	#»Ãﬂ?
85	207	76	84	85	87	2460	35	-122	14884	214125	#»Ãﬂ?	#»Ãﬂ?	#»Ãﬂ?	#»Ãﬂ?
86	207	76	84	85	87	2460	35	-121	14641	228766	#»Ãﬂ?	#»Ãﬂ?	#»Ãﬂ?	#»Ãﬂ?
87	207	76	84	85	87	2460	35	-120	14400	243166	#»Ãﬂ?	#»Ãﬂ?	#»Ãﬂ?	#»Ãﬂ?
87	207	76	84	85	87	2460	35	-120	14400	257566	#»Ãﬂ?	#»Ãﬂ?	#»Ãﬂ?	#»Ãﬂ?
122	207	76	84	85	87	2460	35	-85	7225	264791	#»Ãﬂ?	#»Ãﬂ?	#»Ãﬂ?	#»Ãﬂ?
131	207	76	84	85	87	2460	35	-76	5776	270567	#»Ãﬂ?	#»Ãﬂ?	#»Ãﬂ?	#»Ãﬂ?
2460	207	76	84	85	87	2460	35	2253	5076009	5346576	#»Ãﬂ?	#»Ãﬂ?	#»Ãﬂ?	#»Ãﬂ?
105	137	105	105	106	107	712	40	-32	1024	1024	157252,2353	67,02925487	32,38128255	-8,153250326
105	137	105	105	106	107	712	40	-32	1024	2048	#»Ãﬂ?	#»Ãﬂ?	#»Ãﬂ?	#»Ãﬂ?
105	137	105	105	106	107	712	40	-32	1024	3072	#»Ãﬂ?	#»Ãﬂ?	#»Ãﬂ?	#»Ãﬂ?
105	137	105	105	106	107	712	40	-32	1024	4096	#»Ãﬂ?	#»Ãﬂ?	#»Ãﬂ?	#»Ãﬂ?
105	137	105	105	106	107	712	40	-32	1024	5120	#»Ãﬂ?	#»Ãﬂ?	#»Ãﬂ?	#»Ãﬂ?
105	137	105	105	106	107	712	40	-32	1024	6144	#»Ãﬂ?	#»Ãﬂ?	#»Ãﬂ?	#»Ãﬂ?
106	137	105	105	106	107	712	40	-31	961	7105	#»Ãﬂ?	#»Ãﬂ?	#»Ãﬂ?	#»Ãﬂ?
106	137	105	105	106	107	712	40	-31	961	8066	#»Ãﬂ?	#»Ãﬂ?	#»Ãﬂ?	#»Ãﬂ?
106	137	105	105	106	107	712	40	-31	961	9027	#»Ãﬂ?	#»Ãﬂ?	#»Ãﬂ?	#»Ãﬂ?
106	137	105	105	106	107	712	40	-31	961	9988	#»Ãﬂ?	#»Ãﬂ?	#»Ãﬂ?	#»Ãﬂ?
106	137	105	105	106	107	712	40	-31	961	10949	#»Ãﬂ?	#»Ãﬂ?	#»Ãﬂ?	#»Ãﬂ?
106	137	105	105	106	107	712	40	-31	961	11910	#»Ãﬂ?	#»Ãﬂ?	#»Ãﬂ?	#»Ãﬂ?
106	137	105	105	106	107	712	40	-31	961	12871	#»Ãﬂ?	#»Ãﬂ?	#»Ãﬂ?	#»Ãﬂ?
106	137	105	105	106	107	712	40	-31	961	13832	#»Ãﬂ?	#»Ãﬂ?	#»Ãﬂ?	#»Ãﬂ?
107	137	105	105	106	107	712	40	-30	900	14732	#»Ãﬂ?	#»Ãﬂ?	#»Ãﬂ?	#»Ãﬂ?
107	137	105	105	106	107	712	40	-30	900	15632	#»Ãﬂ?	#»Ãﬂ?	#»Ãﬂ?	#»Ãﬂ?
108	137	105	105	106	107	712	40	-29	841	16473	#»Ãﬂ?	#»Ãﬂ?	#»Ãﬂ?	#»Ãﬂ?
108	137	105	105	106	107	712	40	-29	841	17314	#»Ãﬂ?	#»Ãﬂ?	#»Ãﬂ?	#»Ãﬂ?
139	137	105	105	106	107	712	40	2	4	17318	#»Ãﬂ?	#»Ãﬂ?	#»Ãﬂ?	#»Ãﬂ?
712	137	105	105	106	107	712	40	575	330625	347943	#»Ãﬂ?	#»Ãﬂ?	#»Ãﬂ?	#»Ãﬂ?
134	267	134	219	233	316	503	50	-133	17689	17689	8921,615385	14,93453664	10,90112163	-5,613889862
191	267	134	219	233	316	503	50	-76	5776	23465	#»Ãﬂ?	#»Ãﬂ?	#»Ãﬂ?	#»Ãﬂ?
204	267	134	219	233	316	503	50	-63	3969	27434	#»Ãﬂ?	#»Ãﬂ?	#»Ãﬂ?	#»Ãﬂ?
218	267	134	219	233	316	503	50	-49	2401	29835	#»Ãﬂ?	#»Ãﬂ?	#»Ãﬂ?	#»Ãﬂ?
219	267	134	219	233	316	503	50	-48	2304	32139	#»Ãﬂ?	#»Ãﬂ?	#»Ãﬂ?	#»Ãﬂ?
219	267	134	219	233	316	503	50	-48	2304	34443	#»Ãﬂ?	#»Ãﬂ?	#»Ãﬂ?	#»Ãﬂ?
220	267	134	219	233	316	503	50	-47	2209	36652	#»Ãﬂ?	#»Ãﬂ?	#»Ãﬂ?	#»Ãﬂ?
220	267	134	219	233	316	503	50	-47	2209	38861	#»Ãﬂ?	#»Ãﬂ?	#»Ãﬂ?	#»Ãﬂ?
221	267	134	219	233	316	503	50	-46	2116	40977	#»Ãﬂ?	#»Ãﬂ?	#»Ãﬂ?	#»Ãﬂ?
228	267	134	219	233	316	503	50	-39	1521	42498	#»Ãﬂ?	#»Ãﬂ?	#»Ãﬂ?	#»Ãﬂ?
233	267	134	219	233	316	503	50	-34	1156	43654	#»Ãﬂ?	#»Ãﬂ?	#»Ãﬂ?	#»Ãﬂ?
235	267	134	219	233	316	503	50	-32	1024	44678	#»Ãﬂ?	#»Ãﬂ?	#»Ãﬂ?	#»Ãﬂ?
244	267	134	219	233	316	503	50	-23	529	45207	#»Ãﬂ?	#»Ãﬂ?	#»Ãﬂ?	#»Ãﬂ?
248	267	134	219	233	316	503	50	-19	361	45568	#»Ãﬂ?	#»Ãﬂ?	#»Ãﬂ?	#»Ãﬂ?
278	267	134	219	233	316	503	50	11	121	45689	#»Ãﬂ?	#»Ãﬂ?	#»Ãﬂ?	#»Ãﬂ?
316	267	134	219	233	316	503	50	49	2401	48090	#»Ãﬂ?	#»Ãﬂ?	#»Ãﬂ?	#»Ãﬂ?
356	267	134	219	233	316	503	50	89	7921	56011	#»Ãﬂ?	#»Ãﬂ?	#»Ãﬂ?	#»Ãﬂ?
394	267	134	219	233	316	503	50	127	16129	72140	#»Ãﬂ?	#»Ãﬂ?	#»Ãﬂ?	#»Ãﬂ?
471	267	134	219	233	316	503	50	204	41616	113756	#»Ãﬂ?	#»Ãﬂ?	#»Ãﬂ?	#»Ãﬂ?
503	267	134	219	233	316	503	50	236	55696	169452	#»Ãﬂ?	#»Ãﬂ?	#»Ãﬂ?	#»Ãﬂ?
331	375	331	332	332	348	915	60	-44	1936	1936	3458,204082	8,316494552	3,114791967	-0,942494044
331	375	331	332	332	348	915	60	-44	1936	3872	#»Ãﬂ?	#»Ãﬂ?	#»Ãﬂ?	#»Ãﬂ?
331	375	331	332	332	348	915	60	-44	1936	5808	#»Ãﬂ?	#»Ãﬂ?	#»Ãﬂ?	#»Ãﬂ?
331	375	331	332	332	348	915	60	-44	1936	7744	#»Ãﬂ?	#»Ãﬂ?	#»Ãﬂ?	#»Ãﬂ?
331	375	331	332	332	348	915	60	-44	1936	9680	#»Ãﬂ?	#»Ãﬂ?	#»Ãﬂ?	#»Ãﬂ?
332	375	331	332	332	348	915	60	-43	1849	11529	#»Ãﬂ?	#»Ãﬂ?	#»Ãﬂ?	#»Ãﬂ?
332	375	331	332	332	348	915	60	-43	1849	13378	#»Ãﬂ?	#»Ãﬂ?	#»Ãﬂ?	#»Ãﬂ?
332	375	331	332	332	348	915	60	-43	1849	15227	#»Ãﬂ?	#»Ãﬂ?	#»Ãﬂ?	#»Ãﬂ?
332	375	331	332	332	348	915	60	-43	1849	17076	#»Ãﬂ?	#»Ãﬂ?	#»Ãﬂ?	#»Ãﬂ?
332	375	331	332	332	348	915	60	-43	1849	18925	#»Ãﬂ?	#»Ãﬂ?	#»Ãﬂ?	#»Ãﬂ?
332	375	331	332	332	348	915	60	-43	1849	20774	#»Ãﬂ?	#»Ãﬂ?	#»Ãﬂ?	#»Ãﬂ?
332	375	331	332	332	348	915	60	-43	1849	22623	#»Ãﬂ?	#»Ãﬂ?	#»Ãﬂ?	#»Ãﬂ?
332	375	331	332	332	348	915	60	-43	1849	24472	#»Ãﬂ?	#»Ãﬂ?	#»Ãﬂ?	#»Ãﬂ?
333	375	331	332	332	348	915	60	-42	1764	26236	#»Ãﬂ?	#»Ãﬂ?	#»Ãﬂ?	#»Ãﬂ?
333	375	331	332	332	348	915	60	-42	1764	28000	#»Ãﬂ?	#»Ãﬂ?	#»Ãﬂ?	#»Ãﬂ?
348	375	331	332	332	348	915	60	-27	729	28729	#»Ãﬂ?	#»Ãﬂ?	#»Ãﬂ?	#»Ãﬂ?
351	375	331	332	332	348	915	60	-24	576	29305	#»Ãﬂ?	#»Ãﬂ?	#»Ãﬂ?	#»Ãﬂ?
399	375	331	332	332	348	915	60	24	576	29881	#»Ãﬂ?	#»Ãﬂ?	#»Ãﬂ?	#»Ãﬂ?
520	375	331	332	332	348	915	60	145	21025	50906	#»Ãﬂ?	#»Ãﬂ?	#»Ãﬂ?	#»Ãﬂ?
915	375	331	332	332	348	915	60	540	291600	342506	#»Ãﬂ?	#»Ãﬂ?	#»Ãﬂ?	#»Ãﬂ?
678	1296	678	1172	1182	1366	2494	65	-618	381924	381924	5805,186441	9,83631574	2,623017531	-3,688451901
805	1296	678	1172	1182	1366	2494	65	-491	241081	623005	#»Ãﬂ?	#»Ãﬂ?	#»Ãﬂ?	#»Ãﬂ?
1171	1296	678	1172	1182	1366	2494	65	-125	15625	638630	#»Ãﬂ?	#»Ãﬂ?	#»Ãﬂ?	#»Ãﬂ?
1171	1296	678	1172	1182	1366	2494	65	-125	15625	654255	#»Ãﬂ?	#»Ãﬂ?	#»Ãﬂ?	#»Ãﬂ?
1172	1296	678	1172	1182	1366	2494	65	-124	15376	669631	#»Ãﬂ?	#»Ãﬂ?	#»Ãﬂ?	#»Ãﬂ?
1172	1296	678	1172	1182	1366	2494	65	-124	15376	685007	#»Ãﬂ?	#»Ãﬂ?	#»Ãﬂ?	#»Ãﬂ?
1173	1296	678	1172	1182	1366	2494	65	-123	15129	700136	#»Ãﬂ?	#»Ãﬂ?	#»Ãﬂ?	#»Ãﬂ?
1174	1296	678	1172	1182	1366	2494	65	-122	14884	715020	#»Ãﬂ?	#»Ãﬂ?	#»Ãﬂ?	#»Ãﬂ?
1174	1296	678	1172	1182	1366	2494	65	-122	14884	729904	#»Ãﬂ?	#»Ãﬂ?	#»Ãﬂ?	#»Ãﬂ?
1175	1296	678	1172	1182	1366	2494	65	-121	14641	744545	#»Ãﬂ?	#»Ãﬂ?	#»Ãﬂ?	#»Ãﬂ?
1182	1296	678	1172	1182	1366	2494	65	-114	12996	757541	#»Ãﬂ?	#»Ãﬂ?	#»Ãﬂ?	#»Ãﬂ?
1221	1296	678	1172	1182	1366	2494	65	-75	5625	763166	#»Ãﬂ?	#»Ãﬂ?	#»Ãﬂ?	#»Ãﬂ?
1244	1296	678	1172	1182	1366	2494	65	-52	2704	765870	#»Ãﬂ?	#»Ãﬂ?	#»Ãﬂ?	#»Ãﬂ?
1272	1296	678	1172	1182	1366	2494	65	-24	576	766446	#»Ãﬂ?	#»Ãﬂ?	#»Ãﬂ?	#»Ãﬂ?
1335	1296	678	1172	1182	1366	2494	65	39	1521	767967	#»Ãﬂ?	#»Ãﬂ?	#»Ãﬂ?	#»Ãﬂ?
1366	1296	678	1172	1182	1366	2494	65	70	4900	772867	#»Ãﬂ?	#»Ãﬂ?	#»Ãﬂ?	#»Ãﬂ?
1423	1296	678	1172	1182	1366	2494	65	127	16129	788996	#»Ãﬂ?	#»Ãﬂ?	#»Ãﬂ?	#»Ãﬂ?
1738	1296	678	1172	1182	1366	2494	65	442	195364	984360	#»Ãﬂ?	#»Ãﬂ?	#»Ãﬂ?	#»Ãﬂ?
1790	1296	678	1172	1182	1366	2494	65	494	244036	1228396	#»Ãﬂ?	#»Ãﬂ?	#»Ãﬂ?	#»Ãﬂ?
2494	1296	678	1172	1182	1366	2494	65	1198	1435204	2663600	#»Ãﬂ?	#»Ãﬂ?	#»Ãﬂ?	#»Ãﬂ?
656	5543	656	1764	1827	2586	68975	75	-4887	23882769	23882769	41618,75	25,30392186	1,952463107	14,61838896
968	5543	656	1764	1827	2586	68975	75	-4575	20930625	44813394	#»Ãﬂ?	#»Ãﬂ?	#»Ãﬂ?	#»Ãﬂ?
1029	5543	656	1764	1827	2586	68975	75	-4514	20376196	65189590	#»Ãﬂ?	#»Ãﬂ?	#»Ãﬂ?	#»Ãﬂ?
1761	5543	656	1764	1827	2586	68975	75	-3782	14303524	79493114	#»Ãﬂ?	#»Ãﬂ?	#»Ãﬂ?	#»Ãﬂ?
1764	5543	656	1764	1827	2586	68975	75	-3779	14280841	93773955	#»Ãﬂ?	#»Ãﬂ?	#»Ãﬂ?	#»Ãﬂ?
1764	5543	656	1764	1827	2586	68975	75	-3779	14280841	108054796	#»Ãﬂ?	#»Ãﬂ?	#»Ãﬂ?	#»Ãﬂ?
1765	5543	656	1764	1827	2586	68975	75	-3778	14273284	122328080	#»Ãﬂ?	#»Ãﬂ?	#»Ãﬂ?	#»Ãﬂ?
1769	5543	656	1764	1827	2586	68975	75	-3774	14243076	136571156	#»Ãﬂ?	#»Ãﬂ?	#»Ãﬂ?	#»Ãﬂ?
1769	5543	656	1764	1827	2586	68975	75	-3774	14243076	150814232	#»Ãﬂ?	#»Ãﬂ?	#»Ãﬂ?	#»Ãﬂ?
1770	5543	656	1764	1827	2586	68975	75	-3773	14235529	165049761	#»Ãﬂ?	#»Ãﬂ?	#»Ãﬂ?	#»Ãﬂ?
1827	5543	656	1764	1827	2586	68975	75	-3716	13808656	178858417	#»Ãﬂ?	#»Ãﬂ?	#»Ãﬂ?	#»Ãﬂ?
1857	5543	656	1764	1827	2586	68975	75	-3686	13586596	192445013	#»Ãﬂ?	#»Ãﬂ?	#»Ãﬂ?	#»Ãﬂ?
2328	5543	656	1764	1827	2586	68975	75	-3215	10336225	202781238	#»Ãﬂ?	#»Ãﬂ?	#»Ãﬂ?	#»Ãﬂ?
2363	5543	656	1764	1827	2586	68975	75	-3180	10112400	212893638	#»Ãﬂ?	#»Ãﬂ?	#»Ãﬂ?	#»Ãﬂ?
2468	5543	656	1764	1827	2586	68975	75	-3075	9455625	222349263	#»Ãﬂ?	#»Ãﬂ?	#»Ãﬂ?	#»Ãﬂ?
2586	5543	656	1764	1827	2586	68975	75	-2957	8743849	231093112	#»Ãﬂ?	#»Ãﬂ?	#»Ãﬂ?	#»Ãﬂ?
3315	5543	656	1764	1827	2586	68975	75	-2228	4963984	236057096	#»Ãﬂ?	#»Ãﬂ?	#»Ãﬂ?	#»Ãﬂ?
3456	5543	656	1764	1827	2586	68975	75	-2087	4355569	240412665	#»Ãﬂ?	#»Ãﬂ?	#»Ãﬂ?	#»Ãﬂ?
6684	5543	656	1764	1827	2586	68975	75	1141	1301881	241714546	#»Ãﬂ?	#»Ãﬂ?	#»Ãﬂ?	#»Ãﬂ?
68975	5543	656	1764	1827	2586	68975	75	63432	4023618624	4265333170	#»Ãﬂ?	#»Ãﬂ?	#»Ãﬂ?	#»Ãﬂ?
820	927	820	899	901	918	1107	85	-107	11449	11449	57639637,43	876,6575723	15,81557951	-29,47947757
895	927	820	899	901	918	1107	85	-32	1024	12473	#»Ãﬂ?	#»Ãﬂ?	#»Ãﬂ?	#»Ãﬂ?
898	927	820	899	901	918	1107	85	-29	841	13314	#»Ãﬂ?	#»Ãﬂ?	#»Ãﬂ?	#»Ãﬂ?
898	927	820	899	901	918	1107	85	-29	841	14155	#»Ãﬂ?	#»Ãﬂ?	#»Ãﬂ?	#»Ãﬂ?
899	927	820	899	901	918	1107	85	-28	784	14939	#»Ãﬂ?	#»Ãﬂ?	#»Ãﬂ?	#»Ãﬂ?
899	927	820	899	901	918	1107	85	-28	784	15723	#»Ãﬂ?	#»Ãﬂ?	#»Ãﬂ?	#»Ãﬂ?
899	927	820	899	901	918	1107	85	-28	784	16507	#»Ãﬂ?	#»Ãﬂ?	#»Ãﬂ?	#»Ãﬂ?
899	927	820	899	901	918	1107	85	-28	784	17291	#»Ãﬂ?	#»Ãﬂ?	#»Ãﬂ?	#»Ãﬂ?
899	927	820	899	901	918	1107	85	-28	784	18075	#»Ãﬂ?	#»Ãﬂ?	#»Ãﬂ?	#»Ãﬂ?
900	927	820	899	901	918	1107	85	-27	729	18804	#»Ãﬂ?	#»Ãﬂ?	#»Ãﬂ?	#»Ãﬂ?
901	927	820	899	901	918	1107	85	-26	676	19480	#»Ãﬂ?	#»Ãﬂ?	#»Ãﬂ?	#»Ãﬂ?
901	927	820	899	901	918	1107	85	-26	676	20156	#»Ãﬂ?	#»Ãﬂ?	#»Ãﬂ?	#»Ãﬂ?
911	927	820	899	901	918	1107	85	-16	256	20412	#»Ãﬂ?	#»Ãﬂ?	#»Ãﬂ?	#»Ãﬂ?
916	927	820	899	901	918	1107	85	-11	121	20533	#»Ãﬂ?	#»Ãﬂ?	#»Ãﬂ?	#»Ãﬂ?
918	927	820	899	901	918	1107	85	-9	81	20614	#»Ãﬂ?	#»Ãﬂ?	#»Ãﬂ?	#»Ãﬂ?
918	927	820	899	901	918	1107	85	-9	81	20695	#»Ãﬂ?	#»Ãﬂ?	#»Ãﬂ?	#»Ãﬂ?
930	927	820	899	901	918	1107	85	3	9	20704	#»Ãﬂ?	#»Ãﬂ?	#»Ãﬂ?	#»Ãﬂ?
1070	927	820	899	901	918	1107	85	143	20449	41153	#»Ãﬂ?	#»Ãﬂ?	#»Ãﬂ?	#»Ãﬂ?
1076	927	820	899	901	918	1107	85	149	22201	63354	#»Ãﬂ?	#»Ãﬂ?	#»Ãﬂ?	#»Ãﬂ?
1107	927	820	899	901	918	1107	85	180	32400	95754	#»Ãﬂ?	#»Ãﬂ?	#»Ãﬂ?	#»Ãﬂ?
1116	2085	1116	1217	1358	1578	12917	90	-969	938961	938961	1139,928571	3,662092895	0,395047777	47,93400361
1141	2085	1116	1217	1358	1578	12917	90	-944	891136	1830097	#»Ãﬂ?	#»Ãﬂ?	#»Ãﬂ?	#»Ãﬂ?
1147	2085	1116	1217	1358	1578	12917	90	-938	879844	2709941	#»Ãﬂ?	#»Ãﬂ?	#»Ãﬂ?	#»Ãﬂ?
1214	2085	1116	1217	1358	1578	12917	90	-871	758641	3468582	#»Ãﬂ?	#»Ãﬂ?	#»Ãﬂ?	#»Ãﬂ?
1214	2085	1116	1217	1358	1578	12917	90	-871	758641	4227223	#»Ãﬂ?	#»Ãﬂ?	#»Ãﬂ?	#»Ãﬂ?
1217	2085	1116	1217	1358	1578	12917	90	-868	753424	4980647	#»Ãﬂ?	#»Ãﬂ?	#»Ãﬂ?	#»Ãﬂ?
1224	2085	1116	1217	1358	1578	12917	90	-861	741321	5721968	#»Ãﬂ?	#»Ãﬂ?	#»Ãﬂ?	#»Ãﬂ?
1232	2085	1116	1217	1358	1578	12917	90	-853	727609	6449577	#»Ãﬂ?	#»Ãﬂ?	#»Ãﬂ?	#»Ãﬂ?
1252	2085	1116	1217	1358	1578	12917	90	-833	693889	7143466	#»Ãﬂ?	#»Ãﬂ?	#»Ãﬂ?	#»Ãﬂ?
1349	2085	1116	1217	1358	1578	12917	90	-736	541696	7685162	#»Ãﬂ?	#»Ãﬂ?	#»Ãﬂ?	#»Ãﬂ?
1358	2085	1116	1217	1358	1578	12917	90	-727	528529	8213691	#»Ãﬂ?	#»Ãﬂ?	#»Ãﬂ?	#»Ãﬂ?
1364	2085	1116	1217	1358	1578	12917	90	-721	519841	8733532	#»Ãﬂ?	#»Ãﬂ?	#»Ãﬂ?	#»Ãﬂ?
1469	2085	1116	1217	1358	1578	12917	90	-616	379456	9112988	#»Ãﬂ?	#»Ãﬂ?	#»Ãﬂ?	#»Ãﬂ?
1479	2085	1116	1217	1358	1578	12917	90	-606	367236	9480224	#»Ãﬂ?	#»Ãﬂ?	#»Ãﬂ?	#»Ãﬂ?
1574	2085	1116	1217	1358	1578	12917	90	-511	261121	9741345	#»Ãﬂ?	#»Ãﬂ?	#»Ãﬂ?	#»Ãﬂ?
1578	2085	1116	1217	1358	1578	12917	90	-507	257049	9998394	#»Ãﬂ?	#»Ãﬂ?	#»Ãﬂ?	#»Ãﬂ?
2009	2085	1116	1217	1358	1578	12917	90	-76	5776	10004170	#»Ãﬂ?	#»Ãﬂ?	#»Ãﬂ?	#»Ãﬂ?
2049	2085	1116	1217	1358	1578	12917	90	-36	1296	10005466	#»Ãﬂ?	#»Ãﬂ?	#»Ãﬂ?	#»Ãﬂ?
3805	2085	1116	1217	1358	1578	12917	90	1720	2958400	12963866	#»Ãﬂ?	#»Ãﬂ?	#»Ãﬂ?	#»Ãﬂ?
12917	2085	1116	1217	1358	1578	12917	90	10832	117332224	130296090	#»Ãﬂ?	#»Ãﬂ?	#»Ãﬂ?	#»Ãﬂ?
1478	2169	1478	1694	1907	2191	6485	100	-691	477481	477481	1464001,011	127,5408872	6,117068929	-9,839416279
1578	2169	1478	1694	1907	2191	6485	100	-591	349281	826762	#»Ãﬂ?	#»Ãﬂ?	#»Ãﬂ?	#◊»—ÀŒ!
1619	2169	1478	1694	1907	2191	6485	100	-550	302500	1129262	#»Ãﬂ?	#»Ãﬂ?	#»Ãﬂ?	#◊»—ÀŒ!
1662	2169	1478	1694	1907	2191	6485	100	-507	257049	1386311	#»Ãﬂ?	#»Ãﬂ?	#»Ãﬂ?	#◊»—ÀŒ!
1683	2169	1478	1694	1907	2191	6485	100	-486	236196	1622507	#»Ãﬂ?	#»Ãﬂ?	#»Ãﬂ?	#◊»—ÀŒ!
1694	2169	1478	1694	1907	2191	6485	100	-475	225625	1848132	#»Ãﬂ?	#»Ãﬂ?	#»Ãﬂ?	#◊»—ÀŒ!
1748	2169	1478	1694	1907	2191	6485	100	-421	177241	2025373	#»Ãﬂ?	#»Ãﬂ?	#»Ãﬂ?	#◊»—ÀŒ!
1847	2169	1478	1694	1907	2191	6485	100	-322	103684	2129057	#»Ãﬂ?	#»Ãﬂ?	#»Ãﬂ?	#◊»—ÀŒ!
1872	2169	1478	1694	1907	2191	6485	100	-297	88209	2217266	#»Ãﬂ?	#»Ãﬂ?	#»Ãﬂ?	#◊»—ÀŒ!
1880	2169	1478	1694	1907	2191	6485	100	-289	83521	2300787	#»Ãﬂ?	#»Ãﬂ?	#»Ãﬂ?	#◊»—ÀŒ!
1907	2169	1478	1694	1907	2191	6485	100	-262	68644	2369431	#»Ãﬂ?	#»Ãﬂ?	#»Ãﬂ?	#◊»—ÀŒ!
1978	2169	1478	1694	1907	2191	6485	100	-191	36481	2405912	#»Ãﬂ?	#»Ãﬂ?	#»Ãﬂ?	#◊»—ÀŒ!
2005	2169	1478	1694	1907	2191	6485	100	-164	26896	2432808	#»Ãﬂ?	#»Ãﬂ?	#»Ãﬂ?	#◊»—ÀŒ!
2079	2169	1478	1694	1907	2191	6485	100	-90	8100	2440908	#»Ãﬂ?	#»Ãﬂ?	#»Ãﬂ?	#◊»—ÀŒ!
2142	2169	1478	1694	1907	2191	6485	100	-27	729	2441637	#»Ãﬂ?	#»Ãﬂ?	#»Ãﬂ?	#◊»—ÀŒ!
2191	2169	1478	1694	1907	2191	6485	100	22	484	2442121	#»Ãﬂ?	#»Ãﬂ?	#»Ãﬂ?	#◊»—ÀŒ!
2216	2169	1478	1694	1907	2191	6485	100	47	2209	2444330	#»Ãﬂ?	#»Ãﬂ?	#»Ãﬂ?	#◊»—ÀŒ!
2234	2169	1478	1694	1907	2191	6485	100	65	4225	2448555	#»Ãﬂ?	#»Ãﬂ?	#»Ãﬂ?	#◊»—ÀŒ!
3086	2169	1478	1694	1907	2191	6485	100	917	840889	3289444	#»Ãﬂ?	#»Ãﬂ?	#»Ãﬂ?	#◊»—ÀŒ!
6485	2169	1478	1694	1907	2191	6485	100	4316	18627856	21917300	#»Ãﬂ?	#»Ãﬂ?	#»Ãﬂ?	#◊»—ÀŒ!
											221386,8687	47,05176603	2,169283819	#◊»—ÀŒ!
