0 0 0 0 0 1 1 1
0 0 0 0 0 1 1 1
0 0 0 0 0 1 1 1
0 0 0 0 0 1 1 1
0 0 0 0 0 1 1 1
0 0 0 0 0 1 1 1
0 0 0 0 0 1 1 1
0 0 0 0 0 1 1 1
0 0 0 0 0 1 1 1
0 0 0 0 0 1 1 1
0 0 0 0 0 1 1 1
0 0 0 0 0 1 1 1
1 0 0 0 0 1 1 1
1 0 0 0 0 1 1 1
1 0 0 0 0 1 1 1
1 0 0 0 0 1 1 1
1 0 0 0 0 1 1 1
1 0 0 0 0 1 1 1
1 0 0 0 0 1 1 1
1 0 0 0 0 1 1 1
0 0 0 0 0 1 1 2
0 0 0 0 0 1 1 2
0 0 0 0 0 1 1 2
0 0 0 0 0 1 1 2
0 0 0 0 0 1 1 2
0 0 0 0 0 1 1 2
0 0 0 0 0 1 1 2
0 0 0 0 0 1 1 2
0 0 0 0 0 1 1 2
0 0 0 0 0 1 1 2
0 0 0 0 0 1 1 2
0 0 0 0 0 1 1 2
1 0 0 0 0 1 1 2
1 0 0 0 0 1 1 2
1 0 0 0 0 1 1 2
1 0 0 0 0 1 1 2
1 0 0 0 0 1 1 2
1 0 0 0 0 1 1 2
1 0 0 0 0 1 1 2
1 0 0 0 0 1 1 2
0 0 0 1 1 1 1 5
0 0 0 1 1 1 1 5
0 0 0 1 1 1 1 5
0 0 0 1 1 1 1 5
1 0 0 1 1 1 1 5
1 0 0 1 1 1 1 5
1 0 0 1 1 1 1 5
1 0 0 1 1 1 1 5
1 0 0 1 1 1 1 5
1 0 0 1 1 1 1 5
1 0 0 1 1 1 1 5
1 0 0 1 1 1 1 5
1 0 0 1 1 1 1 5
1 0 0 1 1 1 1 5
1 0 0 1 1 1 1 5
1 0 0 1 1 1 1 5
1 0 0 1 1 1 1 5
1 0 0 1 1 1 1 5
1 0 0 1 1 1 1 5
1 0 0 1 1 1 1 5
2 2 2 3 3 3 3 10
2 2 2 3 3 3 3 10
3 2 2 3 3 3 3 10
3 2 2 3 3 3 3 10
3 2 2 3 3 3 3 10
3 2 2 3 3 3 3 10
3 2 2 3 3 3 3 10
3 2 2 3 3 3 3 10
3 2 2 3 3 3 3 10
3 2 2 3 3 3 3 10
3 2 2 3 3 3 3 10
3 2 2 3 3 3 3 10
3 2 2 3 3 3 3 10
3 2 2 3 3 3 3 10
3 2 2 3 3 3 3 10
3 2 2 3 3 3 3 10
3 2 2 3 3 3 3 10
3 2 2 3 3 3 3 10
3 2 2 3 3 3 3 10
3 2 2 3 3 3 3 10
6 6 6 6 7 7 10 15
6 6 6 6 7 7 10 15
6 6 6 6 7 7 10 15
6 6 6 6 7 7 10 15
6 6 6 6 7 7 10 15
6 6 6 6 7 7 10 15
7 6 6 6 7 7 10 15
7 6 6 6 7 7 10 15
7 6 6 6 7 7 10 15
7 6 6 6 7 7 10 15
7 6 6 6 7 7 10 15
7 6 6 6 7 7 10 15
7 6 6 6 7 7 10 15
7 6 6 6 7 7 10 15
7 6 6 6 7 7 10 15
7 6 6 6 7 7 10 15
7 6 6 6 7 7 10 15
7 6 6 6 7 7 10 15
7 6 6 6 7 7 10 15
10 6 6 6 7 7 10 15
13 17 13 15 17 21 23 20
14 17 13 15 17 21 23 20
14 17 13 15 17 21 23 20
14 17 13 15 17 21 23 20
14 17 13 15 17 21 23 20
15 17 13 15 17 21 23 20
15 17 13 15 17 21 23 20
15 17 13 15 17 21 23 20
17 17 13 15 17 21 23 20
17 17 13 15 17 21 23 20
17 17 13 15 17 21 23 20
18 17 13 15 17 21 23 20
19 17 13 15 17 21 23 20
19 17 13 15 17 21 23 20
21 17 13 15 17 21 23 20
21 17 13 15 17 21 23 20
21 17 13 15 17 21 23 20
21 17 13 15 17 21 23 20
22 17 13 15 17 21 23 20
23 17 13 15 17 21 23 20
28 29 28 29 29 30 31 25
29 29 28 29 29 30 31 25
29 29 28 29 29 30 31 25
29 29 28 29 29 30 31 25
29 29 28 29 29 30 31 25
29 29 28 29 29 30 31 25
29 29 28 29 29 30 31 25
29 29 28 29 29 30 31 25
29 29 28 29 29 30 31 25
29 29 28 29 29 30 31 25
29 29 28 29 29 30 31 25
30 29 28 29 29 30 31 25
30 29 28 29 29 30 31 25
30 29 28 29 29 30 31 25
30 29 28 29 29 30 31 25
30 29 28 29 29 30 31 25
30 29 28 29 29 30 31 25
30 29 28 29 29 30 31 25
30 29 28 29 29 30 31 25
31 29 28 29 29 30 31 25
55 76 55 56 75 75 151 35
55 76 55 56 75 75 151 35
55 76 55 56 75 75 151 35
56 76 55 56 75 75 151 35
56 76 55 56 75 75 151 35
56 76 55 56 75 75 151 35
61 76 55 56 75 75 151 35
62 76 55 56 75 75 151 35
73 76 55 56 75 75 151 35
74 76 55 56 75 75 151 35
75 76 55 56 75 75 151 35
75 76 55 56 75 75 151 35
75 76 55 56 75 75 151 35
75 76 55 56 75 75 151 35
75 76 55 56 75 75 151 35
75 76 55 56 75 75 151 35
89 76 55 56 75 75 151 35
114 76 55 56 75 75 151 35
118 76 55 56 75 75 151 35
151 76 55 56 75 75 151 35
103 104 103 103 104 104 128 40
103 104 103 103 104 104 128 40
103 104 103 103 104 104 128 40
103 104 103 103 104 104 128 40
103 104 103 103 104 104 128 40
103 104 103 103 104 104 128 40
103 104 103 103 104 104 128 40
104 104 103 103 104 104 128 40
104 104 103 103 104 104 128 40
104 104 103 103 104 104 128 40
104 104 103 103 104 104 128 40
104 104 103 103 104 104 128 40
104 104 103 103 104 104 128 40
104 104 103 103 104 104 128 40
104 104 103 103 104 104 128 40
104 104 103 103 104 104 128 40
104 104 103 103 104 104 128 40
104 104 103 103 104 104 128 40
105 104 103 103 104 104 128 40
128 104 103 103 104 104 128 40
162 194 162 182 193 194 347 50
163 194 162 182 193 194 347 50
163 194 162 182 193 194 347 50
163 194 162 182 193 194 347 50
164 194 162 182 193 194 347 50
182 194 162 182 193 194 347 50
182 194 162 182 193 194 347 50
183 194 162 182 193 194 347 50
183 194 162 182 193 194 347 50
183 194 162 182 193 194 347 50
193 194 162 182 193 194 347 50
193 194 162 182 193 194 347 50
193 194 162 182 193 194 347 50
193 194 162 182 193 194 347 50
194 194 162 182 193 194 347 50
194 194 162 182 193 194 347 50
194 194 162 182 193 194 347 50
195 194 162 182 193 194 347 50
259 194 162 182 193 194 347 50
347 194 162 182 193 194 347 50
320 338 320 322 322 323 502 60
321 338 320 322 322 323 502 60
321 338 320 322 322 323 502 60
321 338 320 322 322 323 502 60
322 338 320 322 322 323 502 60
322 338 320 322 322 323 502 60
322 338 320 322 322 323 502 60
322 338 320 322 322 323 502 60
322 338 320 322 322 323 502 60
322 338 320 322 322 323 502 60
322 338 320 322 322 323 502 60
322 338 320 322 322 323 502 60
323 338 320 322 322 323 502 60
323 338 320 322 322 323 502 60
323 338 320 322 322 323 502 60
323 338 320 322 322 323 502 60
340 338 320 322 322 323 502 60
351 338 320 322 322 323 502 60
428 338 320 322 322 323 502 60
502 338 320 322 322 323 502 60
405 449 405 408 409 485 697 65
405 449 405 408 409 485 697 65
407 449 405 408 409 485 697 65
407 449 405 408 409 485 697 65
408 449 405 408 409 485 697 65
408 449 405 408 409 485 697 65
408 449 405 408 409 485 697 65
408 449 405 408 409 485 697 65
409 449 405 408 409 485 697 65
409 449 405 408 409 485 697 65
409 449 405 408 409 485 697 65
410 449 405 408 409 485 697 65
420 449 405 408 409 485 697 65
430 449 405 408 409 485 697 65
433 449 405 408 409 485 697 65
485 449 405 408 409 485 697 65
486 449 405 408 409 485 697 65
542 449 405 408 409 485 697 65
598 449 405 408 409 485 697 65
697 449 405 408 409 485 697 65
726 799 726 729 731 930 1125 75
727 799 726 729 731 930 1125 75
728 799 726 729 731 930 1125 75
728 799 726 729 731 930 1125 75
728 799 726 729 731 930 1125 75
729 799 726 729 731 930 1125 75
729 799 726 729 731 930 1125 75
729 799 726 729 731 930 1125 75
729 799 726 729 731 930 1125 75
730 799 726 729 731 930 1125 75
731 799 726 729 731 930 1125 75
746 799 726 729 731 930 1125 75
756 799 726 729 731 930 1125 75
762 799 726 729 731 930 1125 75
765 799 726 729 731 930 1125 75
930 799 726 729 731 930 1125 75
941 799 726 729 731 930 1125 75
955 799 726 729 731 930 1125 75
1004 799 726 729 731 930 1125 75
1125 799 726 729 731 930 1125 75
767 1071 767 1040 1042 1215 1388 85
770 1071 767 1040 1042 1215 1388 85
851 1071 767 1040 1042 1215 1388 85
1039 1071 767 1040 1042 1215 1388 85
1040 1071 767 1040 1042 1215 1388 85
1040 1071 767 1040 1042 1215 1388 85
1040 1071 767 1040 1042 1215 1388 85
1041 1071 767 1040 1042 1215 1388 85
1041 1071 767 1040 1042 1215 1388 85
1041 1071 767 1040 1042 1215 1388 85
1042 1071 767 1040 1042 1215 1388 85
1043 1071 767 1040 1042 1215 1388 85
1059 1071 767 1040 1042 1215 1388 85
1127 1071 767 1040 1042 1215 1388 85
1128 1071 767 1040 1042 1215 1388 85
1215 1071 767 1040 1042 1215 1388 85
1220 1071 767 1040 1042 1215 1388 85
1220 1071 767 1040 1042 1215 1388 85
1318 1071 767 1040 1042 1215 1388 85
1388 1071 767 1040 1042 1215 1388 85
1214 1286 1214 1221 1224 1398 1503 90
1217 1286 1214 1221 1224 1398 1503 90
1218 1286 1214 1221 1224 1398 1503 90
1218 1286 1214 1221 1224 1398 1503 90
1220 1286 1214 1221 1224 1398 1503 90
1221 1286 1214 1221 1224 1398 1503 90
1221 1286 1214 1221 1224 1398 1503 90
1221 1286 1214 1221 1224 1398 1503 90
1223 1286 1214 1221 1224 1398 1503 90
1223 1286 1214 1221 1224 1398 1503 90
1224 1286 1214 1221 1224 1398 1503 90
1247 1286 1214 1221 1224 1398 1503 90
1250 1286 1214 1221 1224 1398 1503 90
1261 1286 1214 1221 1224 1398 1503 90
1335 1286 1214 1221 1224 1398 1503 90
1398 1286 1214 1221 1224 1398 1503 90
1409 1286 1214 1221 1224 1398 1503 90
1444 1286 1214 1221 1224 1398 1503 90
1458 1286 1214 1221 1224 1398 1503 90
1503 1286 1214 1221 1224 1398 1503 90
1654 1765 1654 1659 1714 1877 1954 100
1656 1765 1654 1659 1714 1877 1954 100
1659 1765 1654 1659 1714 1877 1954 100
1659 1765 1654 1659 1714 1877 1954 100
1659 1765 1654 1659 1714 1877 1954 100
1659 1765 1654 1659 1714 1877 1954 100
1659 1765 1654 1659 1714 1877 1954 100
1660 1765 1654 1659 1714 1877 1954 100
1664 1765 1654 1659 1714 1877 1954 100
1678 1765 1654 1659 1714 1877 1954 100
1714 1765 1654 1659 1714 1877 1954 100
1837 1765 1654 1659 1714 1877 1954 100
1843 1765 1654 1659 1714 1877 1954 100
1865 1765 1654 1659 1714 1877 1954 100
1867 1765 1654 1659 1714 1877 1954 100
1877 1765 1654 1659 1714 1877 1954 100
1879 1765 1654 1659 1714 1877 1954 100
1924 1765 1654 1659 1714 1877 1954 100
1938 1765 1654 1659 1714 1877 1954 100
1954 1765 1654 1659 1714 1877 1954 100
