0 0 0 0 0 1 1 1
0 0 0 0 0 1 1 1
0 0 0 0 0 1 1 1
0 0 0 0 0 1 1 1
0 0 0 0 0 1 1 1
0 0 0 0 0 1 1 1
0 0 0 0 0 1 1 1
0 0 0 0 0 1 1 1
0 0 0 0 0 1 1 1
0 0 0 0 0 1 1 1
0 0 0 0 0 1 1 1
0 0 0 0 0 1 1 1
0 0 0 0 0 1 1 1
0 0 0 0 0 1 1 1
0 0 0 0 0 1 1 1
1 0 0 0 0 1 1 1
1 0 0 0 0 1 1 1
1 0 0 0 0 1 1 1
1 0 0 0 0 1 1 1
1 0 0 0 0 1 1 1
0 0 0 0 1 1 1 2
0 0 0 0 1 1 1 2
0 0 0 0 1 1 1 2
0 0 0 0 1 1 1 2
0 0 0 0 1 1 1 2
0 0 0 0 1 1 1 2
0 0 0 0 1 1 1 2
1 0 0 0 1 1 1 2
1 0 0 0 1 1 1 2
1 0 0 0 1 1 1 2
1 0 0 0 1 1 1 2
1 0 0 0 1 1 1 2
1 0 0 0 1 1 1 2
1 0 0 0 1 1 1 2
1 0 0 0 1 1 1 2
1 0 0 0 1 1 1 2
1 0 0 0 1 1 1 2
1 0 0 0 1 1 1 2
1 0 0 0 1 1 1 2
1 0 0 0 1 1 1 2
0 0 0 1 1 1 1 5
1 0 0 1 1 1 1 5
1 0 0 1 1 1 1 5
1 0 0 1 1 1 1 5
1 0 0 1 1 1 1 5
1 0 0 1 1 1 1 5
1 0 0 1 1 1 1 5
1 0 0 1 1 1 1 5
1 0 0 1 1 1 1 5
1 0 0 1 1 1 1 5
1 0 0 1 1 1 1 5
1 0 0 1 1 1 1 5
1 0 0 1 1 1 1 5
1 0 0 1 1 1 1 5
1 0 0 1 1 1 1 5
1 0 0 1 1 1 1 5
1 0 0 1 1 1 1 5
1 0 0 1 1 1 1 5
1 0 0 1 1 1 1 5
1 0 0 1 1 1 1 5
2 3 2 4 4 4 5 10
3 3 2 4 4 4 5 10
3 3 2 4 4 4 5 10
3 3 2 4 4 4 5 10
3 3 2 4 4 4 5 10
4 3 2 4 4 4 5 10
4 3 2 4 4 4 5 10
4 3 2 4 4 4 5 10
4 3 2 4 4 4 5 10
4 3 2 4 4 4 5 10
4 3 2 4 4 4 5 10
4 3 2 4 4 4 5 10
4 3 2 4 4 4 5 10
4 3 2 4 4 4 5 10
4 3 2 4 4 4 5 10
4 3 2 4 4 4 5 10
5 3 2 4 4 4 5 10
5 3 2 4 4 4 5 10
5 3 2 4 4 4 5 10
5 3 2 4 4 4 5 10
12 13 12 12 13 14 22 15
12 13 12 12 13 14 22 15
12 13 12 12 13 14 22 15
12 13 12 12 13 14 22 15
12 13 12 12 13 14 22 15
12 13 12 12 13 14 22 15
12 13 12 12 13 14 22 15
12 13 12 12 13 14 22 15
12 13 12 12 13 14 22 15
13 13 12 12 13 14 22 15
13 13 12 12 13 14 22 15
13 13 12 12 13 14 22 15
14 13 12 12 13 14 22 15
14 13 12 12 13 14 22 15
14 13 12 12 13 14 22 15
14 13 12 12 13 14 22 15
14 13 12 12 13 14 22 15
14 13 12 12 13 14 22 15
17 13 12 12 13 14 22 15
22 13 12 12 13 14 22 15
29 34 29 32 35 37 40 20
30 34 29 32 35 37 40 20
31 34 29 32 35 37 40 20
31 34 29 32 35 37 40 20
31 34 29 32 35 37 40 20
32 34 29 32 35 37 40 20
33 34 29 32 35 37 40 20
33 34 29 32 35 37 40 20
33 34 29 32 35 37 40 20
34 34 29 32 35 37 40 20
35 34 29 32 35 37 40 20
35 34 29 32 35 37 40 20
36 34 29 32 35 37 40 20
36 34 29 32 35 37 40 20
36 34 29 32 35 37 40 20
37 34 29 32 35 37 40 20
37 34 29 32 35 37 40 20
37 34 29 32 35 37 40 20
39 34 29 32 35 37 40 20
40 34 29 32 35 37 40 20
32 101 32 51 68 117 577 25
46 101 32 51 68 117 577 25
50 101 32 51 68 117 577 25
50 101 32 51 68 117 577 25
51 101 32 51 68 117 577 25
51 101 32 51 68 117 577 25
51 101 32 51 68 117 577 25
57 101 32 51 68 117 577 25
58 101 32 51 68 117 577 25
67 101 32 51 68 117 577 25
68 101 32 51 68 117 577 25
77 101 32 51 68 117 577 25
93 101 32 51 68 117 577 25
93 101 32 51 68 117 577 25
115 101 32 51 68 117 577 25
117 101 32 51 68 117 577 25
123 101 32 51 68 117 577 25
124 101 32 51 68 117 577 25
127 101 32 51 68 117 577 25
577 101 32 51 68 117 577 25
109 172 109 138 139 165 614 35
123 172 109 138 139 165 614 35
138 172 109 138 139 165 614 35
138 172 109 138 139 165 614 35
138 172 109 138 139 165 614 35
138 172 109 138 139 165 614 35
138 172 109 138 139 165 614 35
138 172 109 138 139 165 614 35
139 172 109 138 139 165 614 35
139 172 109 138 139 165 614 35
139 172 109 138 139 165 614 35
139 172 109 138 139 165 614 35
154 172 109 138 139 165 614 35
155 172 109 138 139 165 614 35
163 172 109 138 139 165 614 35
165 172 109 138 139 165 614 35
178 172 109 138 139 165 614 35
188 172 109 138 139 165 614 35
217 172 109 138 139 165 614 35
614 172 109 138 139 165 614 35
144 217 144 202 217 236 308 40
173 217 144 202 217 236 308 40
174 217 144 202 217 236 308 40
183 217 144 202 217 236 308 40
189 217 144 202 217 236 308 40
202 217 144 202 217 236 308 40
202 217 144 202 217 236 308 40
202 217 144 202 217 236 308 40
205 217 144 202 217 236 308 40
214 217 144 202 217 236 308 40
217 217 144 202 217 236 308 40
218 217 144 202 217 236 308 40
233 217 144 202 217 236 308 40
233 217 144 202 217 236 308 40
234 217 144 202 217 236 308 40
236 217 144 202 217 236 308 40
253 217 144 202 217 236 308 40
263 217 144 202 217 236 308 40
273 217 144 202 217 236 308 40
308 217 144 202 217 236 308 40
424 500 424 476 477 478 735 50
475 500 424 476 477 478 735 50
475 500 424 476 477 478 735 50
475 500 424 476 477 478 735 50
476 500 424 476 477 478 735 50
476 500 424 476 477 478 735 50
476 500 424 476 477 478 735 50
476 500 424 476 477 478 735 50
476 500 424 476 477 478 735 50
476 500 424 476 477 478 735 50
477 500 424 476 477 478 735 50
477 500 424 476 477 478 735 50
477 500 424 476 477 478 735 50
477 500 424 476 477 478 735 50
477 500 424 476 477 478 735 50
478 500 424 476 477 478 735 50
479 500 424 476 477 478 735 50
517 500 424 476 477 478 735 50
710 500 424 476 477 478 735 50
735 500 424 476 477 478 735 50
587 948 587 588 738 854 4668 60
588 948 587 588 738 854 4668 60
588 948 587 588 738 854 4668 60
588 948 587 588 738 854 4668 60
588 948 587 588 738 854 4668 60
588 948 587 588 738 854 4668 60
589 948 587 588 738 854 4668 60
606 948 587 588 738 854 4668 60
645 948 587 588 738 854 4668 60
718 948 587 588 738 854 4668 60
738 948 587 588 738 854 4668 60
748 948 587 588 738 854 4668 60
778 948 587 588 738 854 4668 60
781 948 587 588 738 854 4668 60
811 948 587 588 738 854 4668 60
854 948 587 588 738 854 4668 60
898 948 587 588 738 854 4668 60
930 948 587 588 738 854 4668 60
1685 948 587 588 738 854 4668 60
4668 948 587 588 738 854 4668 60
1022 1085 1022 1023 1024 1212 1338 65
1023 1085 1022 1023 1024 1212 1338 65
1023 1085 1022 1023 1024 1212 1338 65
1023 1085 1022 1023 1024 1212 1338 65
1023 1085 1022 1023 1024 1212 1338 65
1023 1085 1022 1023 1024 1212 1338 65
1023 1085 1022 1023 1024 1212 1338 65
1024 1085 1022 1023 1024 1212 1338 65
1024 1085 1022 1023 1024 1212 1338 65
1024 1085 1022 1023 1024 1212 1338 65
1024 1085 1022 1023 1024 1212 1338 65
1025 1085 1022 1023 1024 1212 1338 65
1025 1085 1022 1023 1024 1212 1338 65
1025 1085 1022 1023 1024 1212 1338 65
1034 1085 1022 1023 1024 1212 1338 65
1212 1085 1022 1023 1024 1212 1338 65
1226 1085 1022 1023 1024 1212 1338 65
1233 1085 1022 1023 1024 1212 1338 65
1326 1085 1022 1023 1024 1212 1338 65
1338 1085 1022 1023 1024 1212 1338 65
1354 1578 1354 1401 1549 1619 2289 75
1366 1578 1354 1401 1549 1619 2289 75
1374 1578 1354 1401 1549 1619 2289 75
1379 1578 1354 1401 1549 1619 2289 75
1391 1578 1354 1401 1549 1619 2289 75
1401 1578 1354 1401 1549 1619 2289 75
1434 1578 1354 1401 1549 1619 2289 75
1510 1578 1354 1401 1549 1619 2289 75
1541 1578 1354 1401 1549 1619 2289 75
1549 1578 1354 1401 1549 1619 2289 75
1549 1578 1354 1401 1549 1619 2289 75
1550 1578 1354 1401 1549 1619 2289 75
1552 1578 1354 1401 1549 1619 2289 75
1553 1578 1354 1401 1549 1619 2289 75
1555 1578 1354 1401 1549 1619 2289 75
1619 1578 1354 1401 1549 1619 2289 75
1774 1578 1354 1401 1549 1619 2289 75
1894 1578 1354 1401 1549 1619 2289 75
1945 1578 1354 1401 1549 1619 2289 75
2289 1578 1354 1401 1549 1619 2289 75
1723 1967 1723 1729 1771 2050 3486 85
1723 1967 1723 1729 1771 2050 3486 85
1724 1967 1723 1729 1771 2050 3486 85
1725 1967 1723 1729 1771 2050 3486 85
1728 1967 1723 1729 1771 2050 3486 85
1729 1967 1723 1729 1771 2050 3486 85
1742 1967 1723 1729 1771 2050 3486 85
1744 1967 1723 1729 1771 2050 3486 85
1745 1967 1723 1729 1771 2050 3486 85
1764 1967 1723 1729 1771 2050 3486 85
1771 1967 1723 1729 1771 2050 3486 85
1934 1967 1723 1729 1771 2050 3486 85
1994 1967 1723 1729 1771 2050 3486 85
2006 1967 1723 1729 1771 2050 3486 85
2020 1967 1723 1729 1771 2050 3486 85
2050 1967 1723 1729 1771 2050 3486 85
2112 1967 1723 1729 1771 2050 3486 85
2196 1967 1723 1729 1771 2050 3486 85
2443 1967 1723 1729 1771 2050 3486 85
3486 1967 1723 1729 1771 2050 3486 85
2125 3365 2125 2349 2861 3912 10389 90
2137 3365 2125 2349 2861 3912 10389 90
2225 3365 2125 2349 2861 3912 10389 90
2299 3365 2125 2349 2861 3912 10389 90
2345 3365 2125 2349 2861 3912 10389 90
2349 3365 2125 2349 2861 3912 10389 90
2469 3365 2125 2349 2861 3912 10389 90
2505 3365 2125 2349 2861 3912 10389 90
2638 3365 2125 2349 2861 3912 10389 90
2688 3365 2125 2349 2861 3912 10389 90
2861 3365 2125 2349 2861 3912 10389 90
3147 3365 2125 2349 2861 3912 10389 90
3255 3365 2125 2349 2861 3912 10389 90
3467 3365 2125 2349 2861 3912 10389 90
3561 3365 2125 2349 2861 3912 10389 90
3912 3365 2125 2349 2861 3912 10389 90
4055 3365 2125 2349 2861 3912 10389 90
4174 3365 2125 2349 2861 3912 10389 90
4705 3365 2125 2349 2861 3912 10389 90
10389 3365 2125 2349 2861 3912 10389 90
2421 5058 2421 5072 5248 6311 6515 100
2627 5058 2421 5072 5248 6311 6515 100
3148 5058 2421 5072 5248 6311 6515 100
3542 5058 2421 5072 5248 6311 6515 100
4043 5058 2421 5072 5248 6311 6515 100
5072 5058 2421 5072 5248 6311 6515 100
5077 5058 2421 5072 5248 6311 6515 100
5114 5058 2421 5072 5248 6311 6515 100
5147 5058 2421 5072 5248 6311 6515 100
5169 5058 2421 5072 5248 6311 6515 100
5248 5058 2421 5072 5248 6311 6515 100
5319 5058 2421 5072 5248 6311 6515 100
5451 5058 2421 5072 5248 6311 6515 100
5539 5058 2421 5072 5248 6311 6515 100
6096 5058 2421 5072 5248 6311 6515 100
6311 5058 2421 5072 5248 6311 6515 100
6361 5058 2421 5072 5248 6311 6515 100
6476 5058 2421 5072 5248 6311 6515 100
6500 5058 2421 5072 5248 6311 6515 100
6515 5058 2421 5072 5248 6311 6515 100
