51
50
82
56
63
81
83
54
61
53
55
62
88
85
84
89
95
54
59
64
60
63
75
62
60
58
64
65
63
61
66
72
55
61
61
66
65
62
75
63
69
65
61
70
74
77
72
69
68
72
70
73
64
70
64
67
62
65
67
72
52
52
55
51
52
55
51
54
57
51
52
52
50
51
51
63
53
51
51
51
62
55
53
52
72
73
57
61
56
55
49
51
51
50
65
54
53
56
52
51
57
54
60
50
72
91
62
70
51
62
59
56
62
63
84
55
67
52
51
49
54
55
57
59
74
54
73
56
56
56
62
56
66
56
58
56
51
56
60
56
60
60
56
58
58
58
59
52
74
63
76
66
64
73
91
77
89
77
67
71
55
68
62
52
77
66
54
52
51
52
59
55
61
52
65
53
55
61
63
56
59
58
51
57
50
53
57
77
55
53
49
50
55
52
62
65
52
60
54
57
71
68
72
84
77
75
98
93
88
84
84
71
76
75
66
73
77
75
75
100
81
93
57
66
69
82
60
57
66
73
63
82
64
91
59
61
56
56
57
49
57
57
58
54
52
82
63
59
51
68
61
57
68
58
79
84
78
73
94
69
70
73
60
71
55
55
60
61
58
66
74
79
76
71
78
66
65
72
63
58
55
51
59
64
86
60
65
83
78
72
63
60
54
59
58
66
65
70
63
59
53
59
73
68
64
57
59
65
65
53
51
59
59
58
56
56
57
62
55
74
70
119
61
59
57
72
65
56
66
58
64
65
65
56
57
57
65
93
58
60
60
59
68
60
53
74
57
56
60
60
58
53
70
62
75
66
61
65
95
62
63
64
61
59
55
71
60
58
97
68
56
62
51
58
60
58
57
75
55
55
58
61
56
66
60
61
71
55
55
56
54
55
51
59
68
77
70
61
65
63
61
59
79
74
62
52
65
60
58
56
60
68
79
76
72
66
68
70
70
64
65
70
75
62
54
57
58
55
53
55
66
58
61
59
55
56
60
57
57
65
69
79
59
66
66
61
88
92
58
67
62
54
59
62
66
63
63
59
58
54
59
57
106
69
62
63
61
59
71
54
53
60
63
72
73
68
73
78
65
60
51
52
53
62
59
72
56
56
57
62
64
54
63
70
64
55
55
61
58
64
52
51
58
62
56
56
54
56
55
64
55
59
57
63
63
57
76
58
59
54
53
57
63
62
64
65
53
55
60
62
56
56
55
62
61
53
61
57
52
58
57
55
60
75
56
55
54
54
55
54
56
55
52
63
55
67
64
55
67
56
63
63
57
57
59
54
55
55
56
54
53
69
56
56
50
57
60
63
58
56
60
67
53
70
57
57
58
71
62
61
66
61
63
69
52
55
55
52
53
65
58
56
60
61
52
63
54
58
56
57
55
66
118
63
63
54
56
57
59
56
60
60
59
60
59
95
61
53
53
63
67
58
54
52
60
57
58
55
62
55
60
67
61
54
61
53
53
55
61
63
69
68
56
69
68
68
58
59
61
60
66
61
59
61
94
54
69
57
56
56
66
62
63
63
62
61
58
55
68
70
55
62
65
58
54
54
61
57
63
58
64
58
63
58
59
57
52
55
55
63
58
96
69
63
52
49
51
52
57
57
53
53
56
55
55
58
51
67
58
51
90
68
65
62
62
52
59
66
56
53
67
56
57
56
55
51
51
50
54
60
72
54
60
65
54
57
55
51
63
60
62
52
62
54
56
56
58
55
55
59
60
61
61
56
57
57
61
57
69
66
60
52
63
87
59
56
64
59
60
53
59
58
60
51
62
53
59
61
57
60
59
52
57
59
58
53
56
56
55
55
66
69
51
55
55
55
56
68
67
57
54
66
54
62
54
54
57
64
62
60
67
60
54
63
63
62
55
57
50
50
52
53
51
60
54
52
55
51
49
51
55
56
63
67
53
49
49
56
53
59
58
60
74
61
53
52
59
58
51
49
52
53
56
69
58
50
60
53
53
54
55
53
50
52
62
55
52
60
55
56
61
60
53
52
67
57
61
52
53
53
53
54
55
61
60
57
55
63
61
61
57
63
58
67
59
58
56
54
53
55
55
54
62
59
56
67
57
64
63
58
54
53
61
55
59
53
58
54
53
55
60
55
54
51
52
58
56
51
56
60
62
51
56
50
52
62
53
54
53
54
54
57
62
72
60
50
49
59
51
68
53
51
52
56
56
58
65
56
56
64
55
51
60
57
54
52
52
67
53
61
50
54
51
49
49
49
54
55
58
49
83
60
52
51
56
49
58
55
72
52
