81
113
89
119
96
84
78
123
98
76
79
78
85
81
85
77
87
82
90
94
88
117
87
85
82
83
83
78
114
87
83
82
82
81
87
87
88
103
88
87
99
89
89
95
92
98
96
90
94
86
86
85
83
83
97
99
96
123
101
89
85
79
79
84
79
85
82
80
77
82
88
78
76
83
88
85
89
89
88
83
80
85
79
104
79
88
86
82
94
91
82
88
87
87
85
84
89
88
82
87
79
76
75
77
75
77
90
88
96
90
84
89
88
87
87
82
84
87
84
89
79
83
79
84
81
77
79
78
79
80
82
77
77
79
89
82
79
89
93
80
79
80
78
82
78
79
78
79
81
81
83
81
83
78
86
76
75
75
88
77
89
85
83
93
84
82
90
89
103
87
87
83
85
86
83
85
87
86
84
94
83
79
81
81
82
83
83
81
82
82
82
84
80
80
82
79
80
80
75
98
87
105
85
87
88
88
88
82
100
119
86
96
94
88
100
88
89
86
88
90
90
243
198
100
109
107
82
107
103
109
92
85
78
84
175
151
107
91
90
140
82
82
80
89
83
82
88
85
81
82
82
82
85
86
84
83
87
90
82
84
78
81
90
81
88
82
88
80
81
85
82
81
81
83
80
84
81
81
81
90
86
84
86
79
80
81
80
80
81
84
82
84
83
82
83
85
83
85
76
80
81
80
81
91
84
85
83
83
83
84
80
83
85
83
82
83
84
88
87
82
85
81
80
80
80
81
81
84
83
86
86
82
85
82
85
86
84
83
81
81
90
92
91
82
81
89
83
83
81
82
82
84
89
81
80
89
90
84
82
80
81
85
86
91
81
81
85
87
84
83
83
83
80
88
83
87
78
94
109
93
78
85
83
78
81
78
84
89
91
91
80
78
87
87
88
84
78
85
83
85
85
85
87
79
87
87
97
88
103
87
87
78
95
87
86
83
85
83
90
86
79
79
81
86
80
82
82
86
111
100
94
89
90
92
89
80
86
86
86
75
76
90
82
82
81
98
92
85
87
85
82
81
80
88
102
95
94
101
97
96
92
86
107
95
87
84
83
91
84
84
87
88
82
91
81
96
98
79
79
80
79
77
88
87
85
89
78
80
85
91
100
90
99
83
96
81
81
82
81
81
84
82
80
81
83
80
82
82
82
80
80
82
81
83
84
82
82
81
82
91
89
87
80
82
80
83
85
84
83
80
81
80
82
83
84
82
96
87
87
93
84
87
90
102
100
85
88
85
86
90
89
90
93
90
83
77
78
98
102
95
89
89
91
88
95
90
91
91
100
86
91
86
90
88
90
86
85
87
83
85
89
83
81
83
90
84
82
83
82
84
87
107
93
94
83
82
82
85
80
83
81
80
80
78
80
82
98
81
87
84
91
91
84
83
81
79
84
92
83
80
81
80
106
79
86
85
81
80
80
80
83
82
79
89
83
80
82
109
95
86
89
90
83
86
79
76
82
77
75
75
75
75
79
75
98
83
83
87
85
86
81
80
99
92
82
80
82
88
85
85
79
86
85
79
83
89
85
85
85
88
89
85
85
76
76
77
82
89
83
81
88
111
92
89
81
92
87
91
87
83
80
81
83
85
90
83
79
83
80
92
87
94
85
90
91
82
85
86
82
85
83
81
87
87
90
81
80
89
95
88
91
88
92
91
84
81
86
82
81
84
86
84
85
86
83
86
89
87
88
81
81
90
86
91
111
84
92
80
77
76
86
83
80
91
88
82
87
94
88
95
93
88
79
88
86
83
83
91
84
82
83
90
80
83
82
81
87
89
90
84
83
84
78
82
84
87
84
87
90
84
93
87
86
86
92
84
92
81
90
82
86
92
85
86
91
84
87
88
86
83
85
82
85
83
85
88
86
89
88
83
83
88
85
85
83
91
85
89
85
83
86
84
84
84
92
84
83
81
82
89
81
81
84
98
88
87
87
81
92
84
89
89
80
88
87
93
80
79
79
82
83
81
79
81
82
82
88
86
85
82
80
86
79
86
79
90
80
86
81
87
93
93
106
85
77
88
87
88
86
85
86
82
87
85
81
87
83
81
80
81
86
103
82
86
86
85
88
79
81
79
82
86
85
85
111
88
87
85
91
80
90
79
105
85
91
81
81
89
87
90
95
90
81
81
89
81
112
80
101
81
85
85
89
86
80
86
79
82
84
85
99
87
86
86
90
87
82
86
81
82
82
88
86
91
85
91
87
90
90
86
85
89
87
85
88
85
107
92
87
89
80
80
80
80
85
97
91
92
91
99
