77
79
122
54
99
61
117
96
73
94
72
88
52
51
61
58
59
70
73
57
38
35
37
38
37
35
41
41
41
41
43
42
60
44
41
47
43
42
45
50
36
37
36
43
45
36
36
39
37
36
44
38
40
38
35
36
36
42
39
39
33
33
37
43
44
44
42
44
35
44
35
43
41
43
58
40
34
42
35
43
41
38
43
40
38
38
36
36
62
43
36
33
43
34
36
35
36
44
38
38
41
40
52
69
39
37
45
35
36
37
37
37
37
36
54
52
57
95
56
48
43
36
36
36
36
36
49
37
39
38
39
36
36
43
40
36
74
42
37
43
38
47
34
37
42
35
45
45
34
45
35
43
40
40
36
42
42
33
43
37
81
40
40
47
41
41
40
42
36
40
40
39
35
41
35
40
39
35
35
37
44
43
44
35
34
35
40
47
42
44
44
34
43
33
44
35
40
38
38
33
37
37
36
38
54
40
59
40
40
48
48
47
39
40
40
39
50
42
43
52
69
66
62
63
67
81
48
94
55
36
147
53
63
66
80
57
69
69
58
50
38
39
39
42
36
39
41
39
49
39
43
43
42
38
36
42
39
38
40
39
39
39
41
47
47
37
37
39
41
39
36
38
40
36
37
35
36
45
36
38
38
35
45
37
37
41
35
47
43
45
43
52
40
39
40
39
44
43
45
41
41
42
36
41
36
46
39
40
38
35
36
37
37
37
39
42
42
35
37
55
37
33
35
40
35
37
39
40
40
39
47
43
37
50
41
34
40
40
40
40
38
37
35
36
43
38
37
36
69
42
45
43
46
44
36
36
38
39
34
34
37
45
44
44
35
37
37
36
34
36
38
46
46
35
38
46
40
36
35
37
38
99
43
39
39
37
37
35
36
48
51
41
39
43
47
41
38
76
43
43
42
50
36
34
34
34
45
35
35
42
37
40
39
37
35
38
49
45
36
44
43
41
39
37
37
38
41
45
39
46
40
41
43
46
44
40
38
40
37
36
40
37
39
52
45
44
45
45
36
37
37
36
43
38
44
36
37
56
37
42
38
36
74
43
39
42
43
43
39
35
54
37
42
39
41
43
43
41
40
36
43
36
36
36
33
66
42
39
40
40
36
59
43
38
35
39
44
41
36
38
40
39
40
42
38
42
39
39
37
36
34
45
75
37
38
45
37
38
35
40
34
36
37
44
37
35
34
34
47
37
38
37
48
50
33
38
37
40
37
37
36
37
35
40
39
37
40
48
55
36
37
39
41
37
39
37
36
44
36
67
37
49
37
35
41
37
34
34
37
37
40
38
38
45
44
48
35
42
39
38
34
33
34
33
45
44
38
36
37
37
53
42
37
37
37
36
44
38
42
39
43
37
37
34
34
64
37
40
41
36
36
43
42
43
45
49
41
38
46
37
38
41
40
42
40
38
44
42
41
44
39
36
43
43
36
39
37
50
38
37
40
37
39
40
38
42
42
36
43
43
34
33
39
35
34
36
41
36
38
35
43
40
37
37
37
42
34
34
33
34
35
41
61
44
45
59
37
35
40
35
36
34
37
43
43
36
34
34
38
35
48
39
37
40
35
35
38
35
37
35
36
35
36
41
37
91
42
43
37
36
38
37
37
38
36
42
35
37
37
55
41
38
39
36
36
37
36
39
35
44
35
36
50
42
44
38
35
38
38
37
38
36
38
39
36
35
35
43
35
37
44
43
101
42
44
37
37
44
40
35
70
44
43
44
41
36
40
38
37
35
37
36
44
56
44
45
47
43
41
40
37
35
36
40
46
35
43
35
37
36
35
35
36
35
33
35
41
36
37
36
43
41
43
45
36
37
37
35
40
40
39
39
37
43
43
43
40
43
44
68
35
50
38
38
39
48
37
47
39
36
35
36
39
44
36
37
36
43
38
48
42
46
39
42
36
37
38
39
41
46
48
38
37
47
47
46
37
65
39
47
40
41
40
38
36
36
51
37
45
44
42
37
36
35
36
36
72
43
37
55
43
37
45
37
37
42
42
38
36
39
36
38
36
50
44
37
40
39
35
35
40
37
43
36
43
44
40
34
50
39
41
42
43
35
43
44
46
39
41
47
39
53
43
46
44
39
36
36
37
42
76
71
38
51
37
44
43
41
38
35
36
35
35
58
37
37
45
46
36
37
44
37
47
38
39
45
48
68
37
40
43
37
36
37
35
44
35
43
35
38
48
71
36
38
46
36
38
37
36
38
45
47
44
36
37
42
49
41
42
39
51
41
50
50
50
42
38
38
38
42
