63
66
70
74
72
92
66
68
62
63
61
63
62
67
62
62
62
63
65
79
71
63
66
65
63
70
63
62
67
65
82
65
63
62
63
61
60
63
61
84
71
71
72
62
64
61
75
72
72
86
71
67
68
72
77
74
72
70
79
71
60
65
65
65
93
69
68
68
64
69
60
66
87
68
67
61
65
65
60
65
121
76
65
89
73
68
59
67
66
68
90
81
62
72
100
101
107
78
102
146
149
166
165
63
107
64
108
89
71
65
108
161
65
65
66
96
96
86
62
85
73
69
70
83
70
63
70
69
71
70
60
62
71
69
60
59
60
62
69
64
65
59
63
63
63
64
64
65
68
71
68
67
67
62
62
66
70
65
63
64
64
59
69
67
75
76
63
64
68
77
62
64
63
65
64
70
68
72
70
69
63
69
64
68
69
69
68
72
65
70
69
64
70
63
67
71
66
64
63
65
66
72
72
70
74
68
68
66
93
79
99
81
83
71
76
72
93
71
67
65
90
96
112
106
79
72
107
118
122
154
105
160
113
88
112
108
65
62
85
161
66
70
71
62
70
61
63
62
60
71
71
66
69
71
69
60
60
69
72
73
70
76
70
63
66
67
70
85
87
72
71
70
69
71
71
61
70
70
71
65
72
73
80
67
105
70
73
70
72
69
72
72
70
61
67
61
60
65
64
68
68
68
62
68
69
65
65
62
65
64
66
68
69
66
69
67
66
72
69
65
65
65
67
66
64
66
76
65
65
65
64
64
63
62
69
71
66
65
64
65
66
69
62
68
60
68
65
70
71
63
75
71
65
65
70
71
75
69
70
65
64
64
63
63
62
69
70
70
63
64
66
67
62
70
68
65
66
71
90
77
73
71
70
71
74
69
69
63
66
66
68
64
72
72
71
76
71
87
70
75
72
66
68
74
69
71
71
72
64
62
64
62
70
65
70
65
61
61
62
60
59
65
61
63
63
61
66
70
63
65
70
69
68
63
68
79
69
63
63
69
67
66
68
64
66
66
65
67
65
67
65
60
80
63
63
65
65
65
65
67
64
64
63
66
63
63
66
74
64
66
82
83
69
71
68
63
66
64
65
65
91
68
63
66
65
69
71
72
71
73
65
69
68
67
67
66
73
70
69
67
62
65
71
65
70
71
63
65
62
64
62
75
74
61
63
63
63
64
59
65
61
67
64
64
64
68
66
64
64
64
63
63
62
65
63
63
63
65
63
62
66
70
63
63
63
64
67
63
62
69
64
61
66
67
62
66
62
63
73
61
68
59
65
64
62
63
62
62
66
72
74
65
60
67
73
65
67
65
67
66
63
62
65
66
63
63
63
64
68
63
61
67
72
62
63
91
69
67
62
73
70
68
73
66
63
75
65
72
65
70
64
62
61
65
64
60
63
64
61
62
67
64
60
67
62
65
61
67
65
62
63
64
68
63
63
64
63
68
63
65
59
63
73
68
68
70
65
68
65
64
66
64
64
64
63
66
64
64
72
63
65
63
62
64
63
66
64
63
90
74
74
73
66
71
69
63
63
74
65
62
63
63
63
63
63
63
64
68
62
70
73
72
70
69
69
69
75
73
67
69
71
66
74
83
64
62
74
65
71
70
70
70
75
71
73
73
70
70
66
66
68
65
64
71
71
69
65
66
62
63
69
89
66
70
68
69
71
73
70
70
72
70
62
66
62
70
59
68
60
69
69
74
74
73
75
68
74
66
68
67
70
68
69
69
65
69
63
64
69
63
72
65
69
83
74
69
62
66
62
72
70
63
62
63
72
70
64
87
70
66
71
63
67
67
61
68
65
65
67
67
76
71
69
72
63
71
68
64
69
64
71
63
90
72
71
63
69
70
69
65
63
67
61
63
62
90
85
70
65
71
71
66
66
75
71
70
70
90
73
71
69
66
71
68
66
69
70
71
70
69
81
92
73
65
66
64
65
64
72
64
64
65
66
66
63
62
67
70
64
66
66
64
71
64
63
65
61
61
78
69
75
64
63
70
67
61
62
70
66
62
62
62
65
64
60
61
61
69
68
66
69
66
69
65
71
72
64
67
69
64
65
65
66
73
72
69
64
67
66
65
64
72
63
64
64
63
67
72
67
69
76
69
67
64
68
62
61
68
69
67
62
63
67
64
66
64
68
66
69
64
64
64
67
66
64
64
65
61
61
61
59
62
60
70
63
72
70
72
70
70
63
64
69
66
62
70
69
66
65
64
62
61
61
61
63
66
65
64
63
66
68
62
69
73
65
65
64
74
64
63
