27
28
31
30
40
35
35
28
29
27
47
30
35
31
38
30
29
52
55
39
46
41
33
47
43
46
37
56
40
45
41
35
46
40
39
34
37
35
58
46
37
42
43
53
55
52
53
77
46
41
50
51
47
43
40
49
36
41
50
47
29
29
57
36
28
39
28
33
30
33
31
30
29
29
28
30
29
27
35
27
33
31
29
34
43
32
35
30
32
33
36
39
36
30
41
32
31
33
31
31
103
98
37
30
29
32
38
36
36
53
65
36
32
29
39
36
69
36
35
35
30
30
35
31
31
40
47
29
32
30
30
29
32
36
33
36
31
30
31
38
32
30
33
28
30
34
43
42
32
27
34
28
28
33
35
34
31
30
37
33
35
57
39
37
37
38
31
36
28
31
31
30
44
30
34
34
30
41
30
34
33
33
40
39
36
30
37
34
29
30
32
59
51
35
37
30
29
29
40
38
37
36
36
38
36
34
41
46
39
36
38
37
42
40
41
47
48
51
41
41
35
35
38
50
60
47
32
32
31
32
42
48
43
36
30
75
31
39
38
87
46
38
33
61
35
52
36
33
32
36
30
30
32
29
31
49
37
41
39
39
46
33
27
34
33
40
38
40
41
42
35
28
31
31
39
48
33
33
35
36
32
44
33
36
39
37
38
34
35
37
43
46
32
37
35
36
40
42
42
46
78
44
36
35
31
46
33
44
38
37
52
51
34
40
39
29
33
31
30
37
60
77
39
30
38
31
40
37
41
39
33
32
30
31
31
34
35
41
38
45
37
37
41
41
38
38
37
41
52
43
38
36
37
38
37
33
30
36
32
35
32
37
37
50
37
35
34
33
32
31
32
37
49
36
39
32
38
35
38
40
37
38
34
34
35
35
39
66
35
30
34
31
32
29
32
97
31
30
30
37
47
39
36
31
33
29
34
72
33
37
33
36
34
38
36
30
35
38
36
30
34
47
40
50
31
44
38
40
45
37
36
36
32
36
40
31
36
39
48
30
31
39
35
33
32
35
30
37
40
38
59
33
35
38
37
40
36
43
35
42
41
33
34
39
33
53
42
39
46
33
28
29
67
35
34
40
36
37
37
37
30
35
44
35
42
30
36
41
37
44
42
40
31
67
38
33
35
30
35
33
32
28
29
32
31
33
31
32
36
33
41
41
32
33
39
32
31
36
34
32
36
32
34
33
43
32
42
43
35
32
30
30
31
28
30
33
39
36
30
40
45
35
32
35
38
66
34
31
30
30
31
33
38
33
42
32
41
34
30
30
37
30
36
31
34
35
40
40
45
39
37
28
35
39
43
34
32
38
34
36
31
34
40
32
30
31
31
38
47
30
33
34
30
36
30
30
31
36
35
36
37
30
36
36
43
41
36
39
36
42
37
37
42
41
44
33
37
37
38
30
38
37
37
35
43
38
33
32
42
32
32
31
31
36
35
30
35
35
37
34
34
36
32
37
34
34
30
30
32
34
30
31
39
34
39
45
33
38
31
32
31
36
30
28
36
39
34
33
32
31
35
36
29
30
29
42
31
28
28
30
29
38
31
38
36
32
33
30
31
28
34
32
35
38
31
69
34
37
33
31
38
28
29
29
31
31
31
32
35
34
32
38
37
30
31
32
31
29
31
36
34
32
30
34
33
42
33
33
36
36
37
37
35
37
33
33
33
37
32
49
44
37
34
35
31
39
36
40
36
35
36
32
29
37
36
37
35
33
32
37
30
31
32
33
38
32
31
28
31
33
33
33
37
31
29
39
37
33
30
32
31
31
33
54
39
29
31
32
28
35
35
33
36
42
35
31
43
34
34
37
40
32
30
47
29
30
37
29
34
33
31
29
36
33
28
35
40
29
29
32
30
32
36
34
34
35
37
39
36
35
30
28
28
37
30
35
28
28
28
38
29
30
31
34
34
30
31
38
31
38
32
44
43
32
40
31
32
30
32
34
31
33
39
36
28
31
57
34
39
35
44
33
33
35
30
28
29
30
29
29
30
31
30
67
35
37
34
45
52
52
34
34
31
33
34
41
34
42
44
55
32
38
36
40
32
31
30
35
39
33
30
37
28
36
61
36
47
43
37
31
34
30
28
30
33
31
35
31
33
33
37
30
30
47
34
35
35
32
33
30
30
31
30
31
29
36
41
37
40
36
45
28
32
41
35
36
29
29
36
31
30
31
30
31
61
32
49
34
30
36
31
28
31
30
35
36
35
29
30
28
28
28
28
47
33
32
34
35
31
34
29
31
31
28
32
30
29
31
44
51
