28
47
27
25
24
60
39
34
65
35
29
30
28
48
47
31
29
29
24
25
26
26
29
25
27
31
26
30
27
26
27
29
26
27
27
33
36
29
29
24
28
32
28
29
45
34
27
36
34
28
38
32
29
33
29
32
35
34
35
35
26
35
37
26
37
47
28
26
28
28
27
28
30
27
27
27
26
26
28
30
27
25
24
36
56
32
32
33
25
27
25
24
35
32
31
29
25
26
31
26
32
30
30
26
25
26
31
25
26
25
24
32
52
56
25
29
27
29
28
28
25
25
23
41
23
28
30
30
31
31
32
31
30
104
30
30
30
31
32
29
24
23
24
24
30
52
25
27
28
32
26
26
27
29
27
25
27
25
23
25
25
27
29
23
28
29
25
27
30
26
32
32
30
23
26
26
24
28
27
26
31
25
26
31
26
23
23
26
35
32
31
41
26
25
24
24
25
24
24
52
35
37
26
26
26
27
25
25
28
27
27
28
29
27
28
27
26
29
26
27
33
29
31
28
25
26
26
25
25
73
28
26
33
31
31
30
30
27
32
44
27
30
29
29
40
29
37
36
32
25
25
24
25
24
28
28
27
27
28
27
27
24
25
28
29
32
32
32
32
28
27
28
30
28
32
32
24
30
25
25
31
27
44
25
24
30
32
36
31
29
36
28
27
31
27
35
28
30
23
30
31
28
28
26
25
26
29
26
28
30
25
26
25
30
29
32
28
28
25
30
36
39
27
32
29
28
27
25
26
25
24
26
24
25
25
26
33
25
25
25
34
24
24
23
23
29
24
25
26
26
25
28
29
32
25
26
30
27
25
25
36
27
24
28
25
31
25
24
27
29
27
28
28
29
30
31
25
26
27
31
28
26
28
32
27
28
27
27
28
23
26
24
30
31
31
31
25
27
26
45
31
33
25
31
31
25
25
32
35
31
25
29
29
30
27
27
32
35
28
30
36
40
37
31
54
37
30
28
27
27
27
26
37
41
24
25
27
31
23
36
28
29
28
28
26
26
26
26
26
27
33
27
26
33
26
24
26
31
26
24
27
32
29
25
24
24
25
24
32
25
27
26
31
43
25
70
33
26
31
26
26
25
26
25
25
25
27
24
31
25
27
37
31
29
25
24
25
26
26
25
25
25
28
24
32
25
27
27
26
25
28
25
26
25
25
25
31
40
32
31
26
25
28
27
28
27
26
24
26
26
29
27
26
27
27
27
25
51
26
25
26
26
27
24
25
23
34
26
24
29
26
26
26
24
29
24
26
30
24
29
26
31
33
25
31
24
29
25
25
24
31
27
30
29
28
30
39
27
25
26
30
27
25
37
30
26
33
24
24
27
23
31
28
29
30
40
25
24
24
24
24
29
34
31
32
26
28
35
28
28
26
28
28
27
49
27
26
28
27
28
33
29
29
30
36
25
26
31
32
31
29
26
33
26
30
30
32
30
32
30
26
25
26
27
28
24
24
25
26
26
27
33
31
26
27
25
28
27
24
25
32
33
54
25
26
27
27
37
24
32
31
45
25
25
27
26
36
24
26
27
27
25
25
24
26
27
29
27
34
26
33
25
25
33
29
31
27
26
29
31
41
25
26
26
31
30
28
24
27
37
55
26
27
32
26
30
30
30
32
30
28
25
24
26
26
29
24
24
38
30
30
30
30
32
27
27
26
26
26
26
26
27
26
26
34
32
33
35
26
32
34
35
33
33
65
33
37
32
25
26
32
32
30
30
31
32
25
26
26
26
28
33
27
28
25
25
29
26
25
26
25
27
26
26
34
30
28
28
29
33
31
29
27
28
29
26
25
27
34
32
25
25
25
28
27
34
31
31
28
36
24
24
25
25
29
25
41
36
45
54
48
48
84
32
33
34
46
32
31
41
71
41
46
51
43
25
32
26
26
27
25
24
25
26
42
58
25
26
29
32
28
26
25
32
32
26
32
27
25
27
30
25
26
26
27
25
28
27
35
38
38
44
40
42
58
40
76
91
73
69
37
43
53
51
27
35
27
29
33
118
38
29
25
31
29
31
29
34
34
30
27
26
40
39
60
45
24
25
30
62
26
64
25
36
35
36
27
26
26
26
37
24
25
33
26
27
33
44
64
63
31
32
32
33
33
34
36
36
29
29
29
34
34
35
33
35
36
48
26
25
25
29
26
30
28
27
33
29
30
25
27
37
27
31
32
35
33
31
26
27
27
31
30
28
33
30
27
26
27
49
35
28
27
28
28
27
25
27
28
38
32
36
29
38
32
33
34
32
33
29
