82
81
97
85
77
82
80
83
140
192
126
83
77
76
106
95
108
87
133
94
88
83
83
82
96
98
95
88
87
85
85
85
83
89
88
83
89
86
87
88
91
92
98
81
85
83
91
89
89
90
91
94
125
120
117
143
123
108
116
123
80
86
90
97
88
90
86
81
79
93
82
83
82
78
80
82
92
86
81
81
136
103
85
103
101
81
84
124
90
80
76
75
81
121
84
88
88
77
82
81
136
86
104
92
97
106
194
89
116
126
90
97
83
79
89
85
76
86
78
76
77
107
87
108
94
87
98
88
81
83
81
81
80
82
83
84
80
80
81
91
87
112
111
103
89
97
126
123
142
156
156
111
99
95
105
106
92
97
93
87
85
86
84
82
86
84
82
92
84
84
83
91
87
81
91
81
81
84
80
81
95
95
86
97
89
97
88
87
106
93
85
87
81
94
86
94
91
88
86
85
101
100
106
116
110
111
103
98
111
112
102
112
105
100
95
97
107
116
109
98
112
115
89
83
95
94
127
118
109
88
80
145
163
109
98
88
79
83
116
94
94
96
80
88
85
97
105
104
100
100
92
88
82
95
95
105
84
86
94
94
96
92
99
89
87
83
86
84
85
104
93
91
83
92
94
88
90
102
96
89
91
83
103
89
96
110
89
87
85
90
86
95
88
87
94
90
97
91
91
82
105
90
92
87
89
110
95
90
80
91
104
87
99
82
82
83
103
107
95
87
89
87
93
99
96
100
101
100
106
91
87
83
91
87
93
98
108
102
93
107
100
93
91
87
87
95
91
97
90
93
110
93
87
90
95
98
104
106
96
91
112
107
111
108
97
96
102
109
90
89
80
91
103
97
94
86
85
94
100
101
91
101
112
112
103
96
92
105
113
106
115
95
103
100
96
94
88
88
82
85
89
94
88
99
100
102
101
95
102
110
100
93
112
91
88
83
101
98
90
96
102
83
86
96
115
100
99
98
98
99
96
113
107
89
101
126
108
103
98
92
90
94
92
85
88
80
91
92
99
89
92
87
124
91
89
89
84
92
96
88
89
116
87
88
89
106
93
112
119
102
101
89
84
97
85
87
84
84
83
91
88
84
91
90
91
97
91
98
101
87
92
91
85
83
88
115
92
100
90
99
86
86
101
91
90
95
104
81
87
85
86
83
85
94
96
86
84
88
86
91
92
89
84
82
129
98
98
84
88
93
91
84
90
88
83
87
86
92
93
125
88
86
85
87
93
93
87
92
84
95
82
98
94
86
93
84
90
80
92
81
77
96
81
94
93
109
112
99
100
85
93
90
98
88
90
90
95
90
90
90
91
91
89
90
93
89
89
89
86
90
82
107
83
89
88
84
94
86
84
91
83
87
84
88
92
88
80
92
95
92
86
92
92
89
95
90
88
86
89
105
95
89
89
86
89
86
83
88
87
87
83
92
88
92
83
85
83
86
86
84
87
81
82
90
106
87
85
86
91
83
82
83
88
91
89
94
103
92
90
94
89
78
102
82
81
92
94
87
89
86
92
86
85
106
89
84
92
87
100
115
108
100
98
83
90
84
86
94
92
82
94
80
84
86
87
81
83
86
85
85
84
88
81
99
93
88
87
81
85
88
92
88
84
89
83
86
91
87
91
89
87
85
84
83
88
88
86
97
87
89
90
86
109
85
87
90
112
89
101
89
91
85
96
87
88
86
85
90
88
89
106
85
86
92
85
85
90
83
92
83
95
93
89
94
87
86
89
91
93
82
79
79
94
100
100
84
90
85
108
111
123
107
128
112
100
90
93
94
93
89
97
100
95
92
91
91
87
86
84
93
91
102
97
87
84
80
83
80
80
81
80
77
79
87
85
87
80
84
88
80
88
92
90
93
104
91
101
102
91
92
78
81
76
87
84
81
87
81
127
84
85
77
88
84
83
85
84
85
85
91
91
87
104
84
84
96
92
100
106
89
90
82
88
84
83
89
86
89
88
86
92
99
82
82
89
91
82
86
81
80
78
81
80
76
84
78
87
84
80
79
84
86
86
79
93
84
77
76
83
84
81
82
77
81
77
78
83
88
106
94
86
90
83
80
78
91
82
85
78
76
76
77
81
77
79
79
76
77
79
80
80
81
80
82
85
81
80
89
85
80
83
81
85
78
84
80
85
84
86
82
91
92
81
76
78
86
82
81
81
82
98
80
86
87
80
82
84
84
79
82
83
83
79
82
85
85
89
105
96
92
87
82
89
81
79
92
91
91
80
85
89
84
91
85
79
76
76
78
76
86
