13
13
16
14
12
13
13
13
17
17
20
20
26
40
20
16
13
16
34
19
16
14
17
24
14
14
15
18
16
22
15
16
15
17
18
47
13
15
15
15
15
14
15
20
18
22
17
14
14
13
19
17
18
18
21
22
17
17
18
19
20
14
14
23
27
13
13
13
19
20
12
15
14
13
15
13
13
12
12
12
14
20
21
14
20
19
19
18
13
18
13
15
15
23
19
13
16
14
13
23
15
16
13
21
40
16
53
44
50
29
18
55
19
14
26
27
48
47
18
14
13
19
13
18
17
17
18
15
14
20
15
14
16
14
19
14
14
16
17
14
22
20
21
23
18
20
22
23
19
19
17
26
21
29
19
20
24
19
23
25
22
27
13
14
13
13
12
15
15
14
12
13
15
15
16
14
13
13
14
15
16
18
16
36
20
22
20
14
14
15
21
21
20
20
14
21
15
15
21
23
29
25
26
27
25
16
18
18
18
18
28
17
24
21
19
25
26
18
17
28
17
17
16
15
14
14
14
13
18
12
14
14
12
12
20
14
13
13
32
24
16
17
15
16
16
16
20
19
18
16
15
15
13
15
14
21
15
14
16
15
14
17
26
18
23
13
14
15
17
16
19
14
14
21
17
14
14
15
65
15
15
14
14
21
15
14
22
18
23
23
14
17
14
18
17
16
17
18
15
17
15
15
16
53
13
22
21
27
18
17
28
28
19
34
27
21
18
20
18
19
13
14
13
13
15
14
16
14
24
21
20
18
19
31
14
16
21
20
16
14
17
17
44
22
16
19
14
16
25
19
21
20
18
17
19
18
13
16
17
13
22
18
21
19
21
27
22
25
25
23
21
22
22
18
20
16
16
18
16
16
17
17
18
17
15
18
19
14
13
14
15
14
16
14
17
18
20
15
23
23
16
15
20
18
18
17
15
14
18
20
19
17
14
15
15
14
15
24
22
28
19
23
17
15
23
26
19
17
14
15
25
25
21
18
18
22
20
21
15
16
17
14
21
16
15
14
15
16
14
17
19
19
18
17
13
14
13
18
17
19
18
22
24
20
19
18
19
16
14
14
25
28
30
20
28
18
18
21
14
23
22
19
27
33
24
23
27
24
22
27
18
22
24
24
33
25
26
24
19
17
21
19
21
13
14
20
16
14
14
18
19
16
14
14
16
14
15
57
15
14
17
14
14
14
13
13
20
19
13
14
15
16
16
23
21
14
23
14
18
16
21
17
18
15
15
22
19
19
27
23
20
14
14
13
21
19
15
20
15
13
14
14
14
13
18
14
13
27
14
15
14
16
20
19
20
19
21
20
18
17
13
14
13
19
13
15
17
16
14
18
17
17
18
18
18
22
20
17
20
18
17
17
21
15
16
14
15
15
19
17
17
16
21
19
20
15
15
14
12
14
15
15
16
14
15
13
20
21
17
13
17
17
17
24
22
19
21
27
14
20
20
20
20
21
21
18
21
17
15
17
14
15
18
16
18
16
16
16
20
19
19
17
21
17
14
15
13
13
19
13
14
15
17
18
15
20
16
14
14
15
15
14
13
22
41
22
20
18
15
16
17
18
25
20
20
14
19
27
21
17
15
15
19
15
13
13
14
14
13
13
13
16
17
16
20
18
17
13
16
15
20
20
19
40
22
19
18
27
18
20
19
16
22
19
20
19
26
21
22
28
23
14
16
17
15
17
14
15
15
17
15
17
16
20
20
17
16
19
19
12
17
16
25
18
17
17
18
17
18
20
20
25
24
20
20
18
18
13
13
14
14
15
16
12
15
13
13
15
15
23
21
15
18
17
14
13
17
22
16
17
13
12
13
13
14
12
12
12
13
14
12
12
13
12
12
21
14
14
13
15
13
13
18
12
13
18
13
16
16
14
20
16
14
15
13
13
13
13
14
14
16
14
20
14
13
13
13
13
12
12
12
19
18
20
23
13
20
20
16
17
17
13
13
12
14
13
13
14
13
13
14
14
26
15
13
16
21
20
20
21
46
19
14
17
14
16
18
14
13
13
15
16
13
18
16
20
18
16
15
14
37
14
19
19
15
20
21
12
20
18
17
16
18
19
12
12
14
14
17
19
14
21
19
19
19
13
14
13
15
15
12
12
12
13
19
14
14
13
14
13
15
15
12
12
12
14
16
25
19
16
15
13
16
13
12
15
13
22
18
13
19
20
19
15
19
13
13
13
12
14
19
19
20
13
20
16
12
12
12
14
13
16
13
14
12
20
13
13
12
12
17
20
14
20
12
13
21
17
15
14
