81
90
86
89
87
86
88
86
124
115
83
91
87
94
137
169
112
81
118
103
87
88
88
92
94
89
90
100
89
92
90
97
90
90
82
89
87
86
102
91
95
91
87
86
88
91
89
81
86
85
85
86
91
84
86
85
80
84
81
86
79
77
84
90
83
80
88
90
90
84
105
82
83
78
77
81
85
94
79
76
77
75
76
76
85
83
84
82
89
88
83
125
156
201
131
123
126
116
108
83
170
146
96
101
92
122
147
193
120
133
110
128
112
82
84
95
114
126
94
101
79
82
87
77
78
80
80
78
80
91
81
78
106
84
77
77
81
77
79
78
85
76
96
88
76
84
78
82
82
85
79
82
74
85
109
76
86
81
81
119
79
80
81
78
79
79
81
81
79
84
79
84
80
88
78
82
79
85
86
79
83
84
102
100
84
83
89
101
87
101
87
90
85
90
83
79
98
91
108
96
93
101
96
90
91
88
89
87
99
89
118
88
87
91
98
85
87
88
93
87
104
94
83
92
96
94
86
85
92
94
100
99
115
79
86
82
87
84
89
90
86
83
87
86
87
85
87
81
81
85
88
89
90
84
86
85
85
85
84
85
84
87
89
87
86
87
89
85
82
80
80
88
89
90
84
81
81
81
80
84
84
81
85
81
83
81
81
83
82
80
85
84
89
85
81
81
80
85
82
84
106
92
85
87
92
84
82
80
88
84
81
82
81
85
87
87
77
88
85
92
89
88
95
84
84
92
77
78
92
77
76
76
82
86
81
81
83
88
82
83
81
82
84
87
89
103
85
83
86
83
89
89
82
83
81
82
82
80
83
87
80
81
83
84
79
87
82
81
82
82
92
91
81
85
86
96
81
80
80
82
80
82
84
84
83
80
82
79
86
88
90
83
81
81
82
82
89
85
78
91
82
81
83
84
77
85
76
87
77
78
86
82
82
81
85
79
80
85
87
84
82
82
90
121
81
83
83
77
84
81
80
80
82
84
77
75
77
82
81
89
82
89
81
87
79
82
82
83
78
78
83
80
83
81
80
85
83
85
82
94
78
92
77
79
79
88
81
80
90
88
87
83
80
81
89
90
87
87
87
86
83
88
87
77
86
85
104
85
81
90
89
80
83
93
84
82
88
89
90
83
84
85
84
85
88
86
84
85
84
83
85
105
84
85
78
85
85
87
77
82
84
83
91
90
80
83
108
90
86
77
76
76
79
84
80
78
96
78
84
84
81
76
84
85
82
88
79
85
83
83
81
80
79
86
78
87
85
90
80
82
84
83
92
87
82
85
82
87
80
84
81
83
85
93
88
85
90
82
80
83
85
80
80
81
80
80
79
80
81
81
79
81
82
88
83
81
82
80
79
80
83
79
80
80
86
83
85
79
79
82
80
80
86
78
87
82
86
81
88
97
89
82
80
85
80
80
85
80
78
79
85
87
81
85
111
87
79
92
84
85
80
79
80
83
80
82
101
80
80
87
81
85
85
85
89
80
89
81
88
83
93
87
80
76
75
118
81
89
79
76
84
80
83
78
76
76
81
85
89
86
104
83
80
99
83
80
82
79
79
80
77
75
76
89
79
94
90
88
92
82
81
88
83
86
85
89
90
86
88
85
85
84
78
86
86
84
86
85
87
84
87
91
85
75
77
75
76
75
88
88
90
86
85
82
82
88
86
85
89
81
80
92
85
86
83
84
84
79
120
77
86
81
80
88
84
87
85
104
87
86
81
96
86
87
82
85
79
84
80
81
81
81
82
82
104
77
78
84
74
77
90
86
80
85
83
86
84
118
77
86
87
89
88
82
85
85
80
90
85
84
82
138
103
83
87
84
88
100
126
90
96
81
102
91
102
84
86
89
89
109
87
86
115
87
129
95
156
93
89
85
84
82
81
78
110
85
93
85
94
119
90
89
80
94
89
109
86
98
102
98
91
87
85
100
97
127
95
87
85
84
107
111
115
87
107
88
136
103
87
154
127
94
121
105
88
87
100
108
89
99
75
80
97
81
118
93
75
107
97
91
93
79
115
100
82
122
93
99
96
112
84
82
80
76
80
93
92
88
76
75
108
111
160
171
99
82
150
129
172
156
187
167
167
184
155
135
141
142
112
82
89
95
102
85
103
80
79
84
106
135
162
177
138
105
136
100
126
124
136
89
121
127
93
85
96
80
80
86
76
77
77
78
75
80
85
90
121
228
144
129
104
93
96
150
158
115
164
110
124
96
96
104
149
114
156
158
175
184
195
125
117
102
140
142
137
132
115
92
139
117
