54
53
78
64
36
49
46
50
44
51
52
65
43
58
45
45
60
71
64
49
40
41
37
46
36
46
40
47
38
45
37
41
37
43
43
41
40
41
39
35
36
35
35
45
44
50
37
36
49
36
36
40
36
41
39
38
39
44
41
39
36
35
36
43
35
76
43
42
43
62
44
45
42
39
37
36
48
39
40
38
33
36
35
33
34
35
33
40
98
36
37
36
33
35
42
36
37
43
41
49
33
33
34
39
60
107
42
35
44
35
54
64
74
49
40
45
49
67
51
40
46
42
36
37
37
42
39
35
35
34
33
33
42
36
36
38
39
38
38
35
50
37
46
43
37
42
40
36
37
35
34
43
37
35
36
38
34
34
43
45
41
59
44
37
35
44
71
38
43
42
42
41
37
40
46
37
34
38
34
40
42
42
35
35
35
45
52
43
42
34
63
44
36
34
40
43
43
44
45
46
40
40
49
50
46
38
47
58
39
38
46
38
48
45
38
38
40
42
40
39
49
46
46
42
38
38
39
42
67
49
43
41
44
43
39
37
45
38
43
42
41
41
37
39
42
40
35
35
36
39
36
34
35
42
38
43
46
43
43
43
37
44
34
35
38
44
38
34
34
35
64
38
38
45
40
38
34
37
46
37
39
36
35
34
45
38
38
39
70
42
43
44
43
40
35
34
41
38
36
42
41
42
43
36
35
44
37
46
35
35
35
38
48
43
41
45
42
42
39
40
41
37
34
38
37
36
44
38
35
34
37
34
35
38
37
44
35
35
34
41
38
38
40
35
41
41
42
40
39
39
39
39
44
37
39
38
37
49
61
41
39
38
35
41
40
37
38
36
39
42
39
41
39
45
38
36
36
37
42
39
36
42
39
37
37
36
47
45
41
37
37
42
35
35
36
48
35
40
45
39
42
41
35
37
38
37
37
43
38
38
40
40
36
36
35
35
39
37
41
39
35
42
45
37
36
42
39
43
40
43
40
37
43
40
37
37
37
35
35
36
43
43
37
37
37
45
44
43
56
38
38
39
37
35
39
38
47
39
37
37
35
36
61
38
38
38
36
35
36
35
36
39
38
40
39
39
37
36
36
37
36
37
35
34
37
38
43
34
34
36
37
38
37
36
35
36
39
39
43
37
51
44
45
44
37
33
39
38
35
43
50
43
41
39
42
69
39
43
44
75
43
41
56
43
41
38
43
42
38
42
42
54
44
42
37
50
38
36
36
43
42
34
33
33
42
36
38
39
35
34
52
41
41
37
39
37
42
36
38
41
38
37
44
50
36
68
44
40
42
41
44
44
45
40
39
42
41
42
38
35
37
35
59
37
37
36
36
44
46
44
35
51
36
48
50
37
39
40
43
36
36
45
41
42
43
37
38
36
36
34
43
44
35
34
36
35
42
37
47
42
36
36
44
45
37
36
42
45
42
42
51
49
39
44
37
43
40
42
42
44
42
40
43
36
37
45
36
41
41
36
36
36
39
38
35
42
39
42
45
45
37
39
43
36
36
42
36
40
38
35
34
35
36
36
47
42
39
34
44
81
42
37
38
39
36
46
44
49
38
38
42
36
35
79
37
42
37
36
44
38
41
41
40
40
40
40
38
37
70
35
35
44
34
44
50
41
45
36
42
43
45
45
40
41
36
37
35
37
50
36
39
40
37
38
36
44
45
44
75
36
40
84
41
37
37
37
40
37
41
41
41
35
41
102
40
40
45
41
41
41
44
38
41
39
40
46
35
33
72
37
39
40
40
36
37
37
36
38
40
44
40
40
44
38
41
39
37
43
41
45
41
36
44
38
43
39
41
39
42
36
42
40
42
94
45
43
41
40
43
41
35
33
34
35
35
34
35
34
35
40
40
39
39
36
37
43
40
46
38
35
37
41
46
36
43
38
38
40
39
37
37
38
38
39
39
38
51
39
42
39
43
39
36
36
40
37
37
38
37
37
34
43
43
47
38
44
43
59
40
41
38
38
38
36
51
38
41
39
38
36
36
43
41
41
44
60
37
45
50
42
36
39
39
40
43
39
39
38
38
40
36
37
46
42
43
41
41
46
36
36
35
34
39
45
45
45
49
39
38
39
41
46
37
37
36
43
39
44
45
41
36
34
35
34
34
34
34
35
35
34
35
41
37
38
40
47
38
35
35
35
42
43
34
35
37
38
44
45
44
46
41
41
50
41
46
43
40
42
35
38
36
36
37
37
74
38
47
42
41
35
36
39
37
36
39
37
37
44
38
36
40
39
40
34
42
34
35
34
35
34
