15
15
14
16
9
9
10
14
25
9
9
11
8
9
9
10
10
9
9
17
11
10
9
9
12
13
11
9
12
11
11
10
15
11
9
12
9
13
14
18
20
18
13
13
10
12
9
12
10
10
9
18
18
14
10
9
20
16
16
13
10
8
9
10
9
9
9
10
9
9
11
9
9
10
12
11
10
9
11
9
8
19
8
22
15
11
9
9
12
9
8
9
11
15
10
21
13
22
8
37
12
11
14
18
23
27
10
16
11
12
17
15
13
9
10
11
14
9
16
10
17
15
9
9
15
15
14
15
15
14
9
10
10
15
14
13
23
9
10
10
9
11
11
10
13
23
10
10
10
10
9
10
9
9
17
8
15
15
14
9
10
9
9
9
9
10
10
9
15
15
15
9
9
11
9
31
10
11
12
10
14
9
16
8
9
19
8
13
9
9
8
10
9
9
11
9
9
9
9
9
11
10
10
35
9
12
17
16
17
16
16
9
9
9
9
10
9
12
13
33
12
11
10
18
10
12
15
17
10
17
15
14
9
15
15
14
16
15
16
14
10
16
11
12
15
12
11
12
11
11
17
13
10
13
10
10
15
16
9
10
18
14
9
10
9
9
9
10
10
19
15
12
11
15
14
10
11
21
18
16
10
9
9
18
16
9
9
9
14
11
11
10
18
11
9
10
15
10
13
9
9
9
9
9
9
8
11
11
10
10
8
9
16
9
9
9
9
8
9
17
14
9
9
9
8
11
9
11
10
11
9
13
9
16
16
10
9
9
9
9
9
12
9
8
10
8
16
12
15
16
17
18
14
10
10
11
10
11
15
36
10
18
10
10
11
12
12
9
12
11
15
12
18
35
13
11
12
13
19
10
10
11
12
11
13
10
10
16
16
11
18
13
13
11
10
9
12
10
18
9
17
11
10
15
17
18
10
11
10
18
20
19
9
10
14
11
10
9
10
10
11
8
11
11
10
14
9
9
9
9
9
9
9
10
14
15
16
9
10
9
8
16
10
16
16
9
9
9
9
11
12
10
23
10
15
9
34
15
39
12
10
12
11
11
11
11
9
10
14
10
20
19
9
12
19
15
11
10
9
10
11
13
11
13
13
14
11
12
11
9
11
13
9
10
10
9
18
12
12
10
10
8
9
11
9
9
12
9
10
9
16
9
10
10
9
9
9
9
8
9
9
10
9
10
9
9
10
10
9
9
9
9
10
11
9
9
10
10
10
10
9
8
11
10
9
16
11
10
11
10
9
9
9
14
14
15
14
16
16
16
10
9
9
9
9
9
10
8
9
11
10
10
10
10
10
9
10
9
9
15
8
9
16
17
15
14
12
13
12
9
9
10
12
12
12
12
13
12
13
12
15
16
15
14
17
14
16
15
16
13
9
9
10
9
10
10
9
10
9
8
10
9
9
15
9
9
10
10
9
9
16
10
14
14
9
8
8
10
9
8
9
16
17
15
11
9
12
8
8
9
9
9
8
11
10
9
10
9
9
9
8
10
9
9
9
9
10
17
9
16
17
15
8
9
9
18
11
17
10
17
17
10
10
9
15
10
9
10
11
9
17
8
10
9
9
10
9
9
9
9
19
10
11
10
10
10
15
10
9
8
10
9
16
9
10
16
11
12
9
11
10
11
8
9
9
9
11
15
15
8
10
10
10
10
11
10
9
17
11
9
9
9
9
10
9
8
9
12
13
15
9
10
10
14
9
8
10
13
19
11
10
10
10
14
10
10
10
9
13
10
14
13
12
10
11
12
11
10
19
13
17
17
15
16
11
9
18
9
15
15
12
15
15
15
28
41
16
14
15
18
16
13
50
13
11
15
13
11
13
13
12
11
12
17
12
12
15
14
11
11
10
48
10
10
10
9
9
9
10
8
9
9
9
10
20
11
10
15
18
9
9
9
9
9
9
12
10
11
10
9
9
15
10
9
26
25
27
11
11
10
16
14
18
15
20
56
15
38
26
9
15
21
14
19
9
11
11
10
10
10
9
9
11
9
9
17
26
44
13
11
16
9
11
26
13
9
11
15
17
10
9
17
15
9
9
20
9
16
10
12
9
16
9
9
11
17
15
10
10
9
9
9
9
9
15
16
9
12
12
13
10
10
10
12
11
9
11
8
9
9
9
9
9
10
9
8
10
8
9
11
10
10
10
10
9
10
10
10
10
10
9
12
10
9
10
9
9
8
15
9
25
12
13
13
11
10
18
17
9
15
16
17
10
9
9
11
9
10
9
9
9
9
9
9
9
10
9
8
9
9
