87
147
112
95
124
120
90
109
82
86
91
83
100
245
120
101
166
157
96
81
82
84
83
87
128
98
82
89
85
82
85
89
92
87
79
82
80
78
86
83
88
95
95
87
97
90
101
94
88
90
86
91
87
91
86
88
87
93
86
88
85
85
86
82
82
84
79
77
143
82
77
85
87
86
86
89
82
85
86
86
179
82
97
80
83
83
76
80
87
102
78
100
88
86
84
85
85
88
86
105
82
76
79
77
80
82
78
84
87
111
120
88
125
91
103
121
123
92
107
145
84
77
77
76
74
74
85
80
79
78
95
80
81
80
79
80
104
98
80
83
97
95
96
89
86
88
92
88
94
89
88
91
79
87
80
83
79
77
91
94
88
82
84
87
84
84
81
85
75
78
76
97
82
81
80
85
80
84
82
78
83
86
81
114
102
102
105
84
97
99
88
113
97
91
109
103
110
98
104
98
86
90
90
91
89
93
98
92
95
89
90
93
91
90
90
91
93
88
89
90
84
83
80
95
84
80
78
92
82
86
82
98
83
78
99
85
85
80
82
83
78
85
81
115
81
78
100
112
79
89
80
81
87
77
94
89
88
93
83
95
83
84
83
83
83
83
89
84
82
88
90
87
89
87
91
87
91
84
84
89
78
77
87
80
90
85
78
89
82
80
81
80
81
87
107
97
90
89
89
91
93
83
81
85
77
83
83
85
85
84
89
80
78
83
81
81
90
85
89
85
88
88
80
82
81
118
86
80
92
89
82
86
88
88
89
89
86
84
87
88
114
93
95
93
87
87
86
86
84
78
83
83
76
83
77
81
106
87
81
84
87
83
85
86
82
93
87
79
80
86
83
81
76
78
84
87
89
84
91
80
88
80
86
80
82
87
105
89
88
86
80
86
86
88
86
86
87
88
87
87
86
89
95
90
88
88
88
78
85
81
82
84
89
88
88
89
107
88
84
89
88
96
88
87
88
89
87
85
106
77
84
84
84
85
87
87
76
83
81
82
81
84
80
80
82
81
78
85
77
85
80
88
79
87
77
80
83
78
76
76
84
83
89
92
90
83
86
93
88
82
83
81
82
83
77
84
82
84
86
81
83
85
88
86
89
87
88
92
90
87
95
84
91
88
86
85
90
88
92
80
108
118
89
89
84
97
99
99
93
88
84
85
98
94
87
93
91
92
91
91
92
94
95
94
83
90
91
96
87
89
90
90
92
92
91
90
94
90
90
90
86
91
91
91
111
92
93
89
91
90
93
92
93
91
90
88
92
89
97
92
88
91
90
88
90
94
90
90
90
93
93
88
88
87
102
91
95
95
91
100
98
93
99
92
94
94
96
95
91
90
100
93
90
101
99
93
98
94
95
93
92
93
106
102
93
93
94
96
92
93
93
91
90
95
91
93
90
90
86
96
100
102
93
95
94
95
96
86
95
92
97
98
100
104
98
97
98
94
90
93
89
99
104
105
100
105
102
107
93
90
103
95
101
98
102
102
98
92
91
91
92
109
100
102
96
89
95
95
91
91
87
94
98
98
97
103
97
95
94
95
91
94
93
96
99
99
108
99
98
97
94
98
100
94
87
94
90
91
85
89
85
88
102
88
86
84
79
81
87
86
82
90
94
91
97
93
89
89
89
88
88
88
87
88
84
84
87
85
89
106
88
90
87
85
82
81
88
83
85
84
94
106
88
91
83
85
90
86
86
88
85
89
88
82
81
83
91
88
83
109
84
90
90
85
90
85
88
86
89
85
88
99
86
88
94
90
88
82
80
89
87
85
89
89
86
91
92
85
93
97
86
84
93
85
82
89
87
92
82
82
102
104
97
98
101
80
80
81
82
86
83
81
84
87
89
81
79
83
80
93
93
94
91
84
87
91
87
83
82
81
85
82
79
82
81
82
83
82
86
99
82
79
81
79
78
78
86
79
77
78
78
89
84
83
107
79
78
78
78
80
80
81
78
84
78
79
81
82
78
86
80
77
82
80
81
79
103
87
85
83
81
83
86
78
78
77
78
80
81
82
85
81
83
79
80
79
81
81
83
79
78
78
80
77
79
80
78
84
80
79
78
80
78
82
79
80
83
78
78
79
78
82
118
85
87
85
79
83
81
78
78
81
78
87
81
80
80
78
79
80
79
79
77
80
78
78
79
78
79
81
78
78
85
80
83
80
84
80
78
79
78
79
80
80
78
78
78
83
77
79
81
75
79
76
75
79
79
75
78
86
86
79
82
81
79
79
78
78
85
84
80
78
84
82
77
86
84
79
83
85
