25
17
15
18
22
15
18
13
13
26
38
15
22
14
13
12
22
14
13
27
15
13
15
16
27
20
22
22
14
17
25
35
23
14
17
19
16
22
18
20
18
15
14
17
17
17
17
17
16
14
16
15
25
16
16
18
17
26
23
21
20
48
19
17
15
18
18
14
17
17
18
14
13
15
13
12
12
15
12
13
13
17
22
16
25
33
15
16
30
14
13
13
20
13
32
53
29
53
25
19
18
13
22
12
21
15
17
17
25
24
92
23
23
26
17
14
15
18
17
14
15
15
16
15
14
13
12
15
13
20
13
14
13
14
14
14
17
13
50
19
17
19
13
23
17
18
17
15
20
24
17
19
16
23
24
21
17
18
23
21
18
15
14
15
16
13
13
17
15
19
25
13
13
14
19
24
13
22
18
19
16
23
23
21
22
18
22
15
17
14
12
17
48
18
14
18
22
34
15
17
17
17
22
19
19
26
21
20
22
18
17
28
17
15
15
16
20
16
16
16
14
12
13
19
14
15
14
12
15
13
14
12
13
19
20
21
19
19
13
19
16
12
14
16
15
15
14
14
20
13
13
14
13
36
19
18
20
17
18
13
13
14
13
19
16
18
17
15
14
16
16
16
14
13
15
21
20
21
15
16
16
14
14
15
12
12
13
13
12
20
18
19
15
14
16
13
13
13
16
14
14
16
12
17
17
17
17
15
15
16
19
16
16
16
18
14
15
21
15
21
23
20
20
15
14
17
15
15
14
14
12
15
13
17
16
16
18
14
13
14
14
22
14
13
14
13
13
14
13
16
18
18
14
14
21
21
14
15
14
14
23
13
14
14
13
20
22
19
17
20
17
16
16
22
18
14
16
14
13
29
22
23
15
21
16
15
15
15
15
15
15
16
17
17
14
14
13
22
22
21
14
18
24
16
15
15
22
15
27
17
17
17
14
16
17
15
14
23
15
15
20
20
19
19
14
15
14
13
20
18
18
21
13
14
14
15
14
16
15
36
15
15
17
15
15
21
19
16
16
23
20
19
19
17
14
14
15
18
17
17
19
16
13
23
17
22
17
20
16
17
15
15
19
14
16
18
17
23
22
15
14
13
14
13
16
16
17
15
16
17
14
15
16
19
16
14
15
20
18
20
13
13
19
16
17
15
15
14
19
13
14
15
21
20
14
15
14
16
16
21
18
17
16
12
12
18
21
19
18
21
13
13
13
16
15
12
13
21
19
20
20
46
12
12
16
14
14
18
18
18
15
16
21
20
23
19
16
16
13
15
15
22
21
18
17
23
18
13
13
13
14
24
21
23
14
14
14
12
13
22
18
15
14
24
22
16
20
14
20
16
13
16
14
13
16
14
15
13
16
13
20
20
14
21
19
14
17
20
15
19
17
17
21
22
21
15
16
13
18
44
14
21
20
22
15
15
14
15
14
15
14
13
14
17
14
14
16
15
14
16
18
18
14
16
20
20
15
15
14
16
16
23
23
21
12
14
13
15
12
13
14
12
15
15
20
14
19
15
20
14
13
15
14
14
23
14
20
20
13
14
14
13
13
16
16
15
15
16
15
14
14
15
14
15
13
14
13
21
16
14
19
13
14
14
17
14
15
14
14
17
14
16
14
16
18
19
21
15
17
18
20
18
20
19
15
19
14
19
14
13
13
18
42
14
21
20
48
21
14
21
25
22
16
23
19
14
13
16
15
17
15
16
15
19
14
14
17
12
13
13
15
16
15
15
18
13
13
13
12
13
13
13
14
13
15
13
13
13
14
14
13
19
13
12
12
17
14
14
14
13
20
18
19
17
17
15
15
14
13
14
14
13
18
32
22
15
25
15
20
15
13
16
18
16
20
20
21
20
15
16
17
25
24
18
19
18
13
12
14
17
14
14
15
13
14
15
24
14
14
12
13
14
14
13
12
13
14
12
15
12
12
14
14
16
18
13
17
19
15
18
17
17
19
16
16
14
17
19
18
13
14
12
12
21
21
22
15
15
22
42
18
15
21
13
18
21
19
19
25
14
19
20
14
12
18
13
12
13
18
13
13
12
15
13
14
16
16
13
13
13
17
16
16
16
15
13
13
12
14
13
14
21
13
12
17
12
16
20
17
15
19
15
20
20
14
15
14
15
14
21
13
13
13
20
12
24
24
19
17
14
14
21
13
15
14
14
13
13
14
12
19
20
14
13
12
12
12
19
14
14
12
12
12
12
18
19
18
18
13
13
12
14
12
13
15
13
21
13
14
15
15
12
12
13
19
13
13
13
17
17
