143
99
74
91
93
51
83
87
60
77
87
64
75
57
40
43
52
64
49
79
64
61
57
59
56
54
48
67
64
53
48
51
52
53
55
44
51
50
62
48
57
57
56
54
53
57
60
54
52
64
61
51
49
49
50
53
59
47
51
52
45
42
45
40
41
39
47
47
45
44
43
43
44
44
40
49
40
43
39
40
52
42
39
41
46
45
43
42
41
46
47
51
54
43
48
54
55
47
48
42
50
46
43
56
76
67
55
98
80
77
85
96
76
104
76
39
43
44
39
44
56
42
41
41
42
41
40
41
41
38
43
41
41
67
44
46
42
40
42
41
43
38
93
41
42
48
38
41
40
38
40
45
40
48
46
38
56
68
47
43
45
47
45
45
43
44
44
46
48
66
62
44
46
46
47
46
51
40
48
45
51
54
48
57
45
52
48
47
50
66
46
56
53
48
47
47
50
48
41
50
55
63
68
62
60
75
95
65
60
64
45
62
57
63
59
79
61
68
65
59
79
61
48
54
45
47
140
212
112
57
72
103
77
64
48
40
42
49
41
39
45
44
44
43
43
46
55
48
58
56
53
43
39
40
57
51
44
47
43
45
46
47
41
47
54
41
52
48
88
42
45
44
42
56
58
42
47
47
47
50
58
51
49
46
47
103
46
49
67
56
44
41
53
57
45
42
40
39
43
44
41
40
39
43
48
43
44
42
47
48
49
51
48
52
41
38
38
49
44
49
47
62
51
56
60
56
55
45
47
47
46
43
52
43
41
39
41
47
48
52
58
43
47
42
49
54
50
44
48
46
45
45
55
56
61
56
53
47
42
50
49
49
54
45
46
51
51
63
49
60
65
59
56
48
45
38
39
39
60
51
45
43
46
40
49
55
60
59
50
55
52
44
41
44
45
52
46
44
49
43
65
62
60
61
44
50
49
51
53
54
55
48
45
41
48
50
61
66
54
72
58
44
52
44
48
48
56
45
48
55
51
44
51
47
62
56
50
45
40
52
47
49
50
51
43
46
44
41
43
48
42
42
46
47
46
45
49
50
44
78
51
49
44
40
55
42
38
39
38
49
71
78
52
46
47
54
58
56
48
42
51
56
53
50
44
49
55
47
49
43
43
39
47
55
37
55
41
44
43
47
42
44
44
40
47
50
44
43
43
41
47
50
43
41
52
49
49
43
47
49
68
42
47
42
42
43
50
42
41
44
43
43
38
38
38
51
54
40
40
55
50
41
51
51
46
43
49
48
44
44
41
45
74
44
43
50
46
44
50
52
43
39
52
50
52
56
52
47
65
53
48
45
45
53
45
48
45
44
52
56
48
42
42
41
51
47
52
50
49
49
42
49
47
43
47
46
46
45
39
41
38
41
39
40
45
50
42
45
43
41
50
50
51
54
43
40
55
48
61
55
46
47
45
45
49
47
43
47
48
47
49
70
42
51
46
42
50
48
45
46
43
55
49
47
46
49
53
42
45
50
49
47
43
44
44
52
51
55
45
48
45
50
42
45
49
72
48
45
59
42
46
50
41
48
44
49
48
48
50
42
45
44
43
45
47
42
42
41
44
43
41
50
51
46
43
47
51
55
45
47
52
47
40
44
41
52
43
44
44
42
42
40
51
45
44
44
48
42
48
44
52
41
44
45
44
47
46
45
45
44
40
53
42
45
39
39
39
40
38
48
39
50
40
43
44
44
44
51
46
46
49
40
40
41
43
45
43
39
42
52
48
50
41
52
47
87
41
54
49
48
55
53
41
53
42
44
43
57
53
71
61
55
88
58
60
59
50
47
46
48
48
52
45
41
47
44
43
42
40
45
51
47
46
47
45
46
39
41
41
40
38
39
39
67
40
40
40
38
42
38
38
41
48
48
47
40
48
40
50
48
44
40
38
39
41
40
39
50
51
57
44
49
50
43
40
39
42
39
39
42
50
50
45
38
39
39
42
46
38
41
49
39
41
47
88
55
48
39
42
44
41
46
45
48
55
44
41
61
45
39
48
45
48
49
48
48
46
39
43
53
72
42
41
38
39
40
58
54
60
62
71
51
55
52
44
41
44
39
39
45
48
47
58
38
45
42
43
57
44
41
39
45
40
39
44
42
38
40
40
38
37
64
50
47
45
47
45
40
39
49
50
41
43
47
46
41
46
41
39
46
54
44
42
40
39
38
44
47
44
40
40
40
42
59
45
38
39
39
40
45
47
42
44
43
42
48
54
41
49
47
51
43
42
42
41
43
43
52
50
56
41
41
40
40
48
47
46
46
49
46
