64
62
74
75
47
88
73
76
95
143
73
77
66
72
52
56
96
100
69
64
65
56
64
55
95
59
56
58
66
64
62
56
60
55
58
56
61
57
57
59
54
55
70
64
56
57
55
53
52
51
57
47
70
52
52
50
53
51
56
59
54
52
63
48
47
51
57
54
71
49
51
49
56
63
49
56
55
53
55
53
50
59
48
48
59
54
51
58
64
47
48
52
46
51
48
57
54
74
57
52
46
55
50
52
49
48
45
57
53
50
54
48
47
47
58
47
57
53
73
68
55
57
48
46
52
46
47
49
52
51
45
47
47
49
48
54
51
50
50
51
51
52
49
53
51
47
65
54
49
51
53
57
52
55
50
51
68
54
48
48
47
64
87
56
51
53
52
49
49
50
51
45
55
55
50
56
57
47
87
45
56
54
53
50
84
48
56
51
61
56
59
72
52
55
47
61
60
63
70
50
56
51
59
57
57
55
57
55
55
54
55
69
101
57
58
57
57
59
53
50
48
48
50
58
51
49
54
49
51
57
61
51
55
52
73
56
54
51
56
57
47
49
49
48
51
49
57
58
52
49
47
48
48
48
52
53
61
57
51
54
53
50
53
57
59
75
59
85
65
64
54
61
57
53
54
52
55
53
61
53
55
52
54
51
66
56
55
61
52
54
57
57
58
55
57
56
58
62
58
57
57
54
79
50
63
76
63
53
56
50
53
55
55
56
55
58
51
65
51
60
48
58
54
49
54
49
57
57
56
57
55
56
56
55
51
58
51
48
78
62
55
59
58
74
56
57
59
61
58
50
59
50
57
51
55
55
56
54
62
52
54
51
54
60
55
55
53
49
49
80
55
57
51
66
62
56
55
90
52
58
52
54
55
55
62
56
57
62
57
54
52
50
51
60
60
62
72
62
52
61
48
54
50
47
48
48
58
56
66
55
57
56
52
47
69
54
56
54
65
66
53
58
55
55
52
50
51
51
59
50
55
50
51
51
52
52
51
52
52
59
55
59
49
51
56
50
60
52
64
51
48
56
53
50
50
47
47
53
53
51
51
57
51
50
60
53
55
56
49
50
56
54
52
50
50
52
50
52
50
50
51
51
53
49
51
48
52
52
52
54
55
54
49
57
52
55
52
52
54
53
52
49
50
46
46
50
54
57
54
52
57
51
53
54
54
49
47
54
55
53
50
53
54
50
55
45
132
47
50
50
46
46
60
53
48
49
49
59
57
51
52
54
55
48
54
55
51
49
52
55
55
50
50
46
52
45
45
45
46
66
57
56
53
63
54
55
55
53
54
50
50
48
52
49
48
49
47
55
49
48
48
52
59
54
59
50
48
49
51
50
49
51
56
52
49
60
51
51
51
48
98
52
48
51
53
57
54
52
53
55
52
51
51
48
48
53
48
47
48
49
51
52
54
54
58
54
50
50
49
46
48
60
56
54
57
54
57
69
49
48
53
46
54
58
52
48
88
51
49
51
57
50
46
45
46
45
45
46
46
47
47
57
51
50
53
51
52
50
49
48
46
46
45
45
62
46
45
52
48
49
53
70
50
83
48
50
49
46
48
46
51
48
49
50
49
50
50
49
51
53
52
47
48
53
57
52
53
46
49
48
46
55
51
55
50
49
46
45
50
46
46
51
55
55
50
56
49
47
50
50
51
47
46
45
57
59
49
49
48
56
51
52
49
48
54
49
48
50
50
93
56
50
60
82
57
58
59
57
56
58
57
59
57
55
50
51
50
48
51
52
49
50
55
56
59
60
64
46
46
50
49
62
51
48
47
56
85
58
75
55
57
55
48
51
49
48
48
50
49
56
49
46
47
49
47
53
48
52
49
50
49
50
46
50
46
48
49
47
48
49
56
53
59
45
49
49
48
47
47
46
46
45
45
48
81
49
59
50
56
49
50
50
51
54
59
50
51
47
53
54
56
65
49
49
52
50
48
47
46
57
52
55
49
54
51
53
50
54
51
53
56
56
57
57
49
57
78
56
57
96
51
47
48
48
51
52
48
49
58
46
46
45
52
45
47
51
45
48
51
50
57
57
57
55
52
49
54
55
56
51
49
57
52
47
56
48
84
56
52
52
53
50
56
60
55
50
51
47
49
50
60
54
51
54
49
50
48
48
49
53
51
48
45
48
47
57
47
50
59
50
48
48
58
52
46
50
57
48
48
52
50
55
50
47
49
46
49
51
47
53
54
48
53
49
52
58
49
54
52
55
55
56
48
55
56
80
55
50
50
53
48
47
54
49
47
48
55
58
55
50
