60
59
41
38
39
54
44
35
35
34
38
36
44
49
100
57
55
95
41
48
37
46
45
42
37
40
41
43
40
47
41
45
43
39
38
42
41
41
47
43
48
69
49
40
40
39
41
41
39
41
41
44
41
39
84
49
44
46
49
54
43
41
35
39
34
36
36
46
38
39
36
42
43
37
37
35
38
36
40
38
48
46
50
44
43
44
40
39
35
39
42
45
41
39
37
40
38
44
46
43
50
71
82
46
68
55
75
47
43
48
33
35
37
34
39
40
36
39
36
33
38
37
43
34
34
42
42
54
42
36
41
36
34
35
35
45
38
44
42
37
38
38
36
37
36
36
37
51
45
40
38
36
46
57
37
44
43
43
43
42
42
37
42
45
44
38
38
37
40
39
40
42
36
36
36
40
40
39
37
41
35
42
38
36
36
48
44
48
47
71
38
37
39
36
36
46
47
51
36
35
42
38
44
39
42
40
35
42
38
39
55
40
42
44
42
42
43
42
41
42
39
36
45
35
44
41
37
41
42
39
106
46
40
35
35
35
35
39
41
36
36
35
37
36
36
37
35
41
37
40
41
41
43
41
39
37
37
43
37
42
40
41
45
42
45
41
45
39
44
39
36
75
48
44
38
36
46
51
41
42
43
42
39
40
42
39
40
40
41
42
47
46
44
42
41
36
42
41
40
41
41
42
38
43
51
39
44
41
40
40
33
40
36
38
36
35
34
42
47
40
43
46
40
39
40
36
40
39
38
45
39
47
50
43
44
45
37
43
44
35
36
48
39
35
40
38
54
56
48
44
37
38
39
36
36
38
46
38
39
48
37
40
38
38
44
35
35
35
34
43
66
44
43
38
35
36
45
33
43
42
44
50
43
44
42
39
46
38
40
40
35
41
45
41
41
39
44
34
38
35
34
38
34
38
35
38
36
35
34
41
47
71
46
45
53
42
43
43
44
42
43
63
38
46
38
39
37
40
36
48
42
42
40
47
38
42
45
39
39
38
38
45
42
39
39
38
37
39
46
40
41
37
36
38
40
52
42
38
38
37
37
36
37
39
40
36
43
46
45
54
44
48
48
64
49
49
48
44
48
47
46
65
44
45
43
43
38
43
38
37
45
42
39
43
48
36
39
35
40
34
37
46
40
39
37
34
36
35
34
33
33
33
41
34
37
39
37
42
35
35
36
45
39
85
34
38
38
39
44
35
37
35
36
36
40
39
43
45
46
44
41
44
43
34
42
40
86
45
43
39
43
34
34
34
40
39
39
37
43
40
42
42
37
42
38
47
37
36
39
53
38
40
43
46
44
36
42
45
42
37
44
45
39
44
34
35
36
35
35
34
51
38
38
37
36
43
36
36
35
34
35
40
35
36
33
34
41
40
36
36
35
34
33
34
35
34
43
38
43
45
44
42
36
42
43
46
41
45
42
64
41
38
37
43
39
46
39
39
40
37
40
37
43
39
40
35
41
41
41
34
45
37
40
40
38
38
40
40
41
38
70
41
41
44
43
45
38
36
36
43
43
42
41
41
43
47
35
37
34
40
33
53
38
40
35
44
35
35
41
42
44
39
38
34
45
44
37
34
40
35
34
37
36
67
38
42
36
36
35
36
38
37
36
35
34
41
40
41
40
40
34
33
33
34
34
33
35
34
42
34
33
41
41
34
42
43
43
37
42
42
42
37
40
42
41
43
75
43
39
44
36
46
37
34
36
41
42
43
43
40
39
43
44
44
41
40
43
38
41
49
43
45
42
44
40
43
43
42
43
36
35
39
36
33
36
35
36
36
43
41
36
34
39
38
36
36
35
35
37
33
36
35
44
50
44
39
39
77
41
41
45
39
39
35
35
34
35
68
37
36
38
34
37
63
37
41
35
35
35
47
46
48
35
35
37
37
37
37
45
38
35
36
33
34
34
35
36
34
33
34
35
33
35
40
40
43
39
36
37
35
33
40
35
37
38
36
33
39
38
34
33
38
41
37
40
37
43
37
37
36
33
34
34
43
42
41
38
34
34
35
34
40
37
34
33
52
37
40
36
37
35
37
35
43
44
35
50
36
44
44
39
42
40
45
38
37
38
39
38
37
37
35
37
38
36
52
35
35
37
36
38
36
35
37
36
35
37
35
36
36
35
39
35
37
37
35
35
35
34
33
37
42
33
34
36
42
35
35
34
35
36
36
35
36
36
36
37
34
63
41
35
38
38
37
41
36
38
40
42
42
37
38
38
38
36
36
35
33
33
37
34
41
40
40
36
37
36
35
33
36
