119
140
109
172
166
128
180
145
116
106
121
86
78
82
79
102
146
122
124
160
97
99
88
95
94
88
85
92
95
99
115
88
96
116
100
98
93
88
90
87
86
84
86
85
97
120
94
108
113
109
93
86
93
82
93
84
89
112
88
84
78
81
82
82
83
81
79
77
76
91
79
82
76
79
82
79
82
80
79
83
79
84
83
80
80
82
77
86
87
89
89
89
80
83
88
83
87
83
94
96
81
81
79
79
81
86
81
81
83
84
80
97
85
82
82
88
85
86
80
81
83
81
86
81
82
83
86
80
81
79
83
81
79
78
83
82
84
81
84
86
79
81
85
101
87
86
86
79
81
76
105
81
88
86
86
83
81
78
80
80
78
89
82
85
84
80
92
77
87
81
79
78
95
92
106
80
91
78
77
80
75
76
76
89
85
88
78
81
86
93
86
78
75
96
85
77
77
76
82
76
79
79
79
81
85
75
84
83
83
82
83
81
84
88
86
85
92
84
81
75
95
84
84
84
124
149
250
170
173
117
96
108
93
89
85
82
97
83
103
86
96
95
89
92
85
84
85
87
85
79
77
82
77
78
79
79
78
78
76
77
76
79
77
80
77
80
80
82
78
80
91
92
92
78
90
90
91
91
94
83
79
78
77
77
82
85
78
86
88
89
91
87
89
88
84
89
87
87
87
85
84
83
97
100
92
87
99
86
83
88
82
101
91
87
88
98
93
91
90
89
105
89
90
88
89
90
82
83
83
87
81
82
82
82
81
81
81
80
89
101
89
96
85
89
91
88
86
91
82
95
83
87
86
86
86
93
89
80
79
78
83
78
86
89
90
91
83
86
84
92
83
82
84
83
84
120
89
88
90
92
92
75
84
85
78
82
87
83
83
87
83
82
83
81
80
77
88
80
82
87
89
92
77
80
91
90
89
90
88
88
93
89
93
95
98
90
99
90
86
84
84
80
82
80
81
82
83
88
82
88
82
82
81
81
81
90
80
85
83
83
82
83
78
77
80
89
75
84
85
84
89
116
90
79
81
82
83
91
82
81
80
80
84
83
85
80
82
84
83
82
81
82
82
83
85
92
85
81
96
82
95
90
84
93
89
83
91
81
79
90
80
86
86
78
96
80
102
102
91
93
78
84
87
86
112
93
97
85
89
86
88
90
83
88
85
86
79
84
94
91
83
83
79
79
88
85
86
89
91
85
90
85
88
87
88
103
81
89
88
91
86
88
86
89
90
87
85
88
86
89
89
109
89
89
89
109
88
90
88
83
84
85
89
85
92
83
82
76
79
75
76
76
81
76
81
81
83
82
86
82
85
81
81
87
91
89
90
88
86
82
85
92
101
90
78
91
75
85
85
78
129
91
84
88
86
77
87
84
76
89
86
83
81
82
82
82
86
84
79
112
100
79
80
80
91
88
87
80
83
106
89
84
96
81
81
89
84
79
79
81
82
82
90
79
88
83
87
80
80
78
81
87
87
78
90
88
81
76
81
87
98
87
91
77
85
82
87
89
76
87
75
75
80
84
119
89
86
86
83
74
74
95
91
91
83
95
85
87
100
94
81
91
83
81
79
86
86
84
87
82
86
85
114
85
90
82
88
88
86
84
84
85
84
88
91
86
110
85
87
83
85
85
84
89
79
88
81
88
83
87
82
84
89
80
83
82
82
80
86
94
86
85
90
85
82
96
79
78
78
88
80
85
78
78
78
84
82
87
87
85
85
81
94
87
80
80
86
81
83
82
84
84
83
86
88
90
89
97
88
84
90
84
85
87
113
88
88
87
85
79
84
79
82
82
84
89
89
82
83
88
86
80
76
76
88
90
84
80
80
85
119
91
82
79
79
79
81
86
80
88
89
78
86
95
82
83
86
91
88
80
84
80
79
77
96
105
86
83
82
83
83
87
88
83
81
82
82
90
90
86
86
76
91
89
76
76
76
88
82
91
84
88
85
89
82
83
81
76
83
81
86
88
85
77
77
81
81
83
76
75
76
82
88
78
119
83
81
92
82
79
82
85
78
85
81
81
78
83
80
82
80
82
78
79
78
80
85
83
82
87
89
93
92
95
85
88
90
87
82
83
86
88
82
81
77
85
95
81
85
82
78
88
83
83
84
80
78
82
81
112
82
83
84
79
81
79
88
80
81
84
78
89
90
86
84
85
80
88
88
87
85
84
82
82
84
84
80
95
84
89
87
79
78
87
87
79
88
79
99
87
82
83
83
84
82
78
82
94
79
84
85
87
79
79
80
80
79
92
80
82
