77
44
37
42
74
61
40
54
69
56
52
70
64
58
77
78
58
50
58
53
58
57
57
56
62
58
57
65
64
78
66
62
59
67
62
71
63
62
74
60
103
93
81
57
45
92
85
103
95
69
78
48
41
41
38
43
53
50
64
40
62
48
48
79
69
51
41
46
52
55
61
41
41
53
50
42
48
43
45
43
51
59
54
56
55
53
56
42
47
48
42
45
39
44
44
57
59
47
60
45
47
47
44
42
50
39
48
52
46
46
45
49
40
45
44
83
117
61
78
94
40
40
38
41
40
50
41
38
38
41
38
50
40
46
45
40
38
47
44
37
70
42
40
42
42
40
39
45
42
54
48
43
43
40
45
40
41
41
45
45
49
44
47
41
54
46
42
42
37
47
42
51
40
47
51
44
41
55
41
39
50
45
41
46
64
54
65
57
45
43
52
48
53
45
40
54
41
45
42
43
45
43
63
47
54
46
41
48
53
41
43
44
43
43
50
47
48
43
76
66
45
48
49
40
51
40
55
53
40
42
42
42
45
41
45
38
43
40
44
45
50
51
65
56
59
45
46
54
50
51
50
55
61
47
53
57
46
59
48
49
50
53
77
58
49
57
51
87
54
50
50
52
56
48
39
64
66
48
47
47
47
45
50
44
46
44
50
45
56
42
52
57
61
56
50
53
50
54
59
52
55
49
45
45
47
60
52
49
47
50
46
46
51
42
48
41
41
54
41
44
49
41
62
47
49
46
46
45
42
50
43
43
41
46
51
44
49
45
48
48
50
47
43
47
49
54
56
51
52
46
51
49
46
47
48
44
48
60
47
47
41
48
42
41
49
42
44
44
44
51
58
50
46
44
50
44
74
48
42
47
44
46
47
43
43
44
43
44
51
50
43
41
47
46
51
48
46
45
41
46
42
45
49
48
51
43
38
71
52
47
48
51
47
77
51
47
57
52
46
48
48
51
48
45
44
48
46
54
54
43
51
50
48
61
69
69
70
68
105
48
53
53
68
60
59
49
53
47
74
51
51
45
49
49
43
53
50
60
41
58
50
51
59
59
56
60
55
59
61
74
59
51
50
47
46
55
48
50
63
53
58
61
52
47
47
55
52
47
45
53
93
49
48
60
81
78
73
53
116
74
40
40
44
44
44
46
42
42
39
45
42
41
44
45
45
48
44
44
45
45
45
46
41
46
46
43
43
42
45
43
43
37
38
38
38
40
42
41
41
43
38
42
38
47
41
43
45
67
41
37
40
46
51
41
50
42
42
41
40
39
40
39
44
45
52
42
42
49
47
40
47
41
43
42
45
44
41
44
38
42
40
40
41
48
51
66
40
54
55
50
41
52
47
46
39
40
39
51
40
43
49
49
48
47
50
42
38
41
42
47
47
45
48
46
47
50
42
46
39
39
41
45
44
46
41
42
42
39
40
39
40
46
41
45
38
40
37
41
40
40
45
45
40
41
40
52
40
40
39
42
43
40
42
40
40
40
48
41
39
47
42
57
47
57
52
52
49
54
51
44
41
39
41
41
46
46
53
51
50
48
44
41
38
38
39
41
42
38
37
37
38
37
40
38
38
37
45
37
39
38
50
46
39
38
47
48
40
43
37
39
72
50
49
45
42
42
40
42
39
40
44
54
45
50
46
47
46
51
49
39
43
47
40
40
40
38
44
39
37
38
51
38
41
38
38
46
49
45
44
38
38
43
47
41
41
39
38
42
53
41
40
38
41
41
38
37
39
38
50
41
38
38
38
38
37
37
40
40
40
48
39
41
39
48
44
47
44
43
47
41
41
46
47
39
40
39
41
37
37
40
47
43
39
43
41
41
52
45
72
41
45
41
50
42
39
42
43
38
42
39
45
49
45
47
40
39
41
40
39
38
47
46
39
38
37
37
50
51
41
54
43
40
42
39
39
44
43
43
48
42
55
43
47
49
41
38
39
38
39
42
48
40
38
42
40
40
40
42
42
47
61
48
50
44
47
43
41
37
45
40
47
44
40
43
53
39
37
44
41
43
49
40
39
51
47
47
43
48
43
46
44
47
44
88
55
51
46
38
39
39
39
37
48
47
41
42
41
45
41
44
48
50
46
40
44
43
43
48
49
46
39
45
48
38
46
45
44
43
47
40
39
40
40
41
40
44
42
39
79
43
43
44
43
45
41
41
47
39
43
40
40
38
43
41
37
40
42
40
37
40
49
42
38
38
38
43
41
48
45
43
45
39
40
43
40
41
47
51
48
45
45
41
44
40
46
48
41
48
47
46
