25
27
33
52
24
28
28
34
26
32
26
24
33
32
32
32
27
44
39
36
35
36
26
25
25
27
37
27
27
32
31
27
28
27
28
26
27
38
27
25
48
26
26
25
28
39
31
44
38
31
28
33
32
35
26
27
25
26
37
30
28
25
25
25
27
25
30
33
29
29
25
23
24
41
32
26
28
28
30
27
25
25
28
28
33
41
31
26
27
26
26
25
28
27
29
25
25
26
36
34
28
35
167
69
83
55
66
40
32
80
27
57
47
52
41
57
49
51
34
39
31
23
28
26
24
24
25
23
24
23
24
28
26
33
33
27
27
23
24
24
24
39
25
30
26
33
26
26
25
31
30
66
32
29
25
25
27
25
29
33
27
25
27
27
27
25
29
29
28
32
29
27
26
29
29
30
33
24
26
25
31
25
24
32
23
32
32
24
27
41
32
34
34
69
34
25
33
34
25
28
26
27
26
25
33
48
26
26
33
34
24
25
25
26
27
32
31
28
27
35
23
32
32
32
34
57
28
28
25
26
31
24
25
28
31
31
30
31
24
31
26
28
30
27
26
35
26
29
27
37
23
24
25
32
36
26
33
30
27
26
24
24
28
29
31
27
30
29
27
29
27
30
27
24
24
26
26
26
27
26
25
26
26
28
25
26
25
35
31
28
26
24
28
33
25
34
34
33
33
32
31
26
29
33
34
27
24
24
24
25
26
33
33
31
34
29
30
28
29
29
29
24
24
26
25
25
24
57
29
31
29
30
26
24
26
26
26
25
26
35
28
25
26
25
28
29
31
32
31
31
26
27
28
32
33
34
29
26
25
26
24
23
32
31
31
35
25
24
35
26
28
31
25
24
24
34
35
32
24
24
27
26
27
31
32
29
28
29
29
28
29
29
26
25
25
26
26
25
31
26
25
26
27
25
24
26
24
28
28
26
25
26
25
25
26
27
26
26
26
28
24
24
35
33
27
26
25
25
25
26
25
25
29
24
25
24
25
25
32
36
34
25
24
38
25
24
27
26
24
35
30
33
24
27
24
24
35
27
32
32
33
33
33
33
32
25
33
32
34
34
30
31
32
32
33
54
32
27
36
26
26
33
25
31
26
31
26
25
25
28
25
24
32
25
30
26
30
26
25
24
23
23
33
31
31
31
29
27
30
32
31
32
31
31
28
28
65
31
32
28
30
26
32
31
29
32
28
33
32
34
24
35
31
25
25
25
25
25
25
27
27
28
31
34
30
32
30
25
34
36
30
31
29
31
28
28
27
25
25
24
24
27
25
27
25
27
24
24
25
24
25
25
25
26
24
25
24
25
29
29
33
30
31
26
24
24
26
26
24
31
31
26
32
26
25
26
27
27
25
36
24
26
26
30
29
32
32
29
27
27
24
26
30
29
26
25
27
35
32
27
24
30
26
27
25
35
25
25
27
24
26
27
28
25
26
26
26
25
25
26
26
26
32
32
27
30
27
30
28
26
27
26
43
26
25
26
24
24
25
25
28
32
29
31
30
31
31
32
28
31
29
30
27
27
30
26
28
24
23
30
27
27
27
24
24
28
26
25
31
25
29
26
26
25
26
31
28
29
30
25
24
24
23
24
24
24
23
23
24
29
27
30
30
30
32
30
31
33
32
31
31
30
31
31
33
32
31
30
31
47
32
25
24
24
34
25
23
24
23
23
31
23
31
23
30
24
24
28
28
29
29
25
25
24
23
24
23
33
32
32
37
36
24
33
28
23
23
23
32
30
31
28
26
31
24
23
23
30
28
58
31
31
32
33
34
37
25
28
27
33
28
30
30
28
24
24
24
30
28
28
29
31
30
28
30
31
28
29
29
30
33
28
28
27
26
32
27
28
26
27
30
32
32
34
29
29
25
27
27
25
25
25
26
32
27
28
25
26
25
32
25
27
25
25
25
27
24
24
24
25
24
24
26
25
34
25
35
25
23
33
33
32
31
25
28
31
25
35
30
27
35
33
31
29
31
26
30
58
24
24
29
26
25
24
29
33
29
30
28
33
36
27
26
25
24
24
23
23
23
26
26
27
27
24
25
25
33
30
27
23
27
26
26
28
26
27
35
35
27
24
26
28
24
26
25
32
30
27
28
24
24
25
28
25
26
26
33
31
30
31
28
32
28
28
28
30
27
28
28
27
24
26
25
29
28
31
23
24
24
27
24
26
26
29
24
24
23
23
24
25
25
24
23
26
24
25
24
24
26
34
26
26
24
29
28
27
31
25
27
27
25
24
24
26
30
31
28
26
25
25
