77
58
55
75
104
121
124
76
74
51
71
58
56
51
78
84
60
55
49
63
57
61
58
68
53
56
55
61
73
77
73
70
77
77
77
83
64
68
66
70
54
59
61
59
56
54
57
52
48
50
50
49
59
55
51
59
60
58
59
58
50
56
53
51
54
51
51
50
52
52
50
49
54
60
57
51
52
54
60
51
52
61
62
51
48
49
55
54
51
50
52
52
48
51
50
60
49
51
48
54
59
55
58
67
60
64
88
57
56
60
60
58
67
56
51
62
57
56
62
53
53
51
65
58
52
53
51
55
57
57
62
61
72
54
60
53
57
52
54
51
50
50
52
51
56
51
62
52
50
62
55
62
52
53
54
54
59
52
52
58
55
54
54
54
55
53
55
64
52
59
52
56
55
53
50
52
54
60
52
50
59
63
65
55
68
66
74
65
67
73
73
66
65
56
59
52
59
65
57
60
54
60
56
61
56
53
61
57
51
54
53
55
52
53
53
52
53
51
56
51
57
54
69
60
67
52
50
53
50
78
52
56
55
61
53
63
59
55
54
56
57
58
66
68
60
71
63
63
62
71
62
56
55
95
58
54
68
59
59
66
59
71
63
66
61
57
80
57
66
54
55
56
51
77
61
64
63
64
70
69
73
68
68
68
57
56
56
56
58
55
55
63
65
55
57
59
69
58
83
77
69
69
74
77
87
72
69
70
74
74
67
87
69
61
59
61
59
56
65
65
72
61
61
70
55
55
65
58
59
68
64
67
65
62
67
64
60
62
57
62
63
57
62
83
61
57
59
64
56
61
58
67
62
55
62
51
62
56
56
64
66
57
59
67
64
61
55
67
63
60
66
60
65
65
63
62
65
72
68
65
67
59
67
62
72
58
64
64
62
66
63
66
54
67
69
61
56
52
56
59
56
53
55
55
56
91
66
67
74
67
66
70
61
68
65
65
62
56
56
52
51
69
62
65
85
64
62
66
64
61
62
66
60
65
61
59
64
58
64
65
57
58
55
56
62
55
54
61
54
59
59
56
59
56
55
80
79
71
79
74
75
71
69
71
62
62
67
61
70
62
62
60
64
56
61
60
62
56
59
56
56
54
53
62
88
77
72
63
60
72
61
61
57
59
68
62
59
60
58
55
57
61
60
68
66
66
59
65
55
61
60
58
56
54
57
62
53
49
55
51
49
52
48
49
48
57
56
55
56
76
58
51
49
52
53
53
52
56
54
56
53
52
59
56
57
52
63
67
62
51
51
55
54
50
49
60
58
59
63
56
57
53
58
53
54
68
56
48
49
63
52
53
72
83
76
56
53
63
56
55
53
67
55
61
54
52
52
53
51
51
59
55
55
52
57
58
60
59
61
51
55
49
54
53
50
49
52
50
51
49
51
54
60
75
49
58
58
59
58
59
64
58
56
59
58
49
60
54
50
51
57
55
52
57
59
86
60
53
53
60
58
52
51
59
52
58
54
53
54
51
52
53
55
51
52
51
52
54
66
58
57
55
55
51
61
57
56
58
69
62
59
60
56
52
53
58
90
66
55
61
61
72
58
64
56
60
54
54
50
53
50
49
57
61
55
62
57
57
56
61
52
51
52
54
57
58
51
53
51
51
51
54
56
56
51
51
56
51
50
50
50
57
54
59
54
54
60
57
61
64
55
58
69
57
60
55
57
52
54
54
52
53
54
50
49
55
59
58
58
58
62
62
55
58
59
57
55
51
55
53
62
52
51
62
52
52
58
57
66
53
55
51
59
51
52
52
56
55
51
52
57
56
53
61
58
53
48
63
64
55
59
56
51
50
49
53
57
56
52
57
53
50
48
60
61
58
60
68
58
61
66
60
57
60
51
55
55
62
57
53
71
68
56
61
58
51
54
63
54
49
51
51
52
51
50
50
52
60
65
54
69
56
61
59
60
61
59
51
59
53
75
80
62
59
67
66
58
61
58
61
60
52
49
48
52
54
59
57
62
72
81
71
73
73
59
77
62
75
73
75
67
60
70
61
52
52
61
60
52
50
48
51
48
55
56
57
53
54
62
61
69
58
61
61
50
54
71
66
60
60
56
59
58
57
58
53
55
58
64
52
63
60
50
58
84
61
59
56
87
56
60
56
58
59
58
64
52
56
53
60
58
61
55
50
57
60
63
57
52
56
57
50
58
53
53
54
51
54
54
58
51
60
54
56
53
54
54
59
54
50
53
51
51
61
59
53
59
64
70
67
56
58
58
68
57
54
55
57
57
49
60
53
60
60
60
58
53
57
62
53
