71
103
97
65
60
72
65
66
66
85
140
60
62
67
64
68
68
67
66
64
75
73
73
72
74
73
74
76
72
74
77
74
73
71
69
79
73
71
77
71
70
84
102
76
83
80
80
78
88
74
80
77
81
74
71
69
78
67
61
70
69
71
70
70
86
71
72
63
65
67
70
66
69
63
71
69
71
66
66
66
70
68
62
62
73
70
75
70
70
72
70
66
66
74
75
67
68
65
62
64
60
86
83
78
63
70
64
77
66
72
93
79
70
65
64
92
64
64
101
85
67
65
75
65
70
65
68
67
68
64
73
70
64
68
73
69
66
59
64
63
76
69
70
76
68
63
65
69
67
65
66
72
73
74
67
69
63
86
73
65
65
64
67
69
61
65
69
61
68
68
70
63
85
71
66
67
68
68
60
72
81
74
70
71
76
81
69
79
73
69
66
64
62
69
67
69
64
63
63
62
78
65
76
69
66
65
66
65
66
70
66
65
68
69
63
62
60
59
62
69
84
65
71
61
62
60
91
62
62
62
61
71
71
69
67
70
77
66
68
72
65
68
67
67
64
72
73
67
77
73
84
67
70
71
74
66
65
70
70
70
77
71
63
63
72
72
74
69
74
71
68
63
61
62
62
71
64
66
65
65
66
67
65
68
67
65
65
67
64
80
76
65
63
67
71
67
68
65
64
77
69
68
66
66
64
63
65
67
69
68
79
73
78
74
67
81
72
72
72
65
64
70
63
65
66
68
64
62
67
64
65
74
89
67
67
79
64
78
74
75
66
67
65
70
65
67
82
63
61
63
61
61
64
65
66
66
65
63
67
65
67
63
62
67
72
69
105
70
62
71
72
71
70
71
68
73
67
65
62
77
69
62
65
69
71
65
77
71
74
73
71
71
77
71
75
65
70
84
69
69
64
66
63
66
66
71
64
66
70
67
67
70
68
64
64
73
66
70
65
68
65
70
73
74
66
65
67
66
62
61
62
62
70
84
78
71
76
76
78
76
76
74
70
69
64
65
77
65
72
70
62
62
81
69
64
74
63
62
97
68
69
71
71
73
68
70
69
70
72
92
64
70
62
62
68
61
68
61
62
63
61
61
61
62
63
79
72
63
66
64
67
68
71
67
67
72
68
66
67
65
67
77
64
79
64
70
62
64
67
63
63
67
66
76
66
68
64
66
66
65
67
75
68
71
61
79
61
63
61
61
60
70
67
65
78
77
76
64
65
64
66
64
61
60
106
80
70
68
70
60
69
67
64
65
65
64
67
69
65
62
78
76
72
70
73
66
74
93
70
64
66
63
62
74
72
70
65
65
71
71
72
77
70
70
70
63
69
63
61
61
73
62
61
66
65
71
62
69
67
60
71
74
69
69
70
62
68
67
65
66
67
67
69
74
63
69
68
66
63
74
65
62
76
60
61
68
70
64
73
72
72
70
70
71
70
64
65
69
68
67
67
76
70
68
66
66
65
65
65
66
65
66
67
61
61
61
60
61
75
68
74
68
66
65
71
65
73
65
76
73
83
61
61
63
73
71
70
74
81
73
66
68
69
69
97
73
70
71
70
72
68
69
75
69
73
69
72
70
72
63
64
72
67
68
70
66
68
71
70
68
68
69
61
62
73
74
69
68
61
70
71
61
74
69
66
75
69
70
66
66
63
73
66
70
71
64
73
75
69
66
68
71
66
75
61
76
73
64
74
69
68
77
67
71
68
67
66
65
67
64
71
73
71
68
76
70
69
97
70
67
65
66
78
72
65
65
64
72
62
69
69
64
69
69
67
64
60
75
64
63
67
68
60
73
70
71
83
66
67
67
61
66
64
59
59
60
60
68
61
59
59
60
60
70
60
59
64
76
63
61
73
71
61
64
63
60
61
61
74
100
66
70
71
62
66
61
61
71
75
74
63
65
60
69
68
70
61
65
72
64
62
65
72
63
67
68
72
69
66
67
68
62
59
60
62
61
64
60
59
72
66
61
61
62
60
61
70
67
64
64
61
76
64
66
64
64
63
73
65
65
70
73
64
65
63
63
64
60
62
63
67
72
62
62
64
63
66
68
62
69
59
62
63
60
62
63
66
65
67
71
97
68
63
63
63
62
69
67
66
66
65
64
69
68
69
65
65
63
64
62
61
59
60
60
60
60
62
69
69
70
69
67
67
65
65
69
69
62
64
76
65
64
60
76
68
68
75
63
64
64
69
64
73
70
60
66
70
66
65
68
63
72
62
73
68
71
65
66
73
65
60
60
63
61
62
72
75
75
104
62
