49
47
46
51
56
65
73
52
61
51
46
49
47
47
47
69
47
56
53
53
72
67
56
53
55
52
57
60
52
51
50
52
55
51
51
52
60
59
60
56
55
56
84
56
50
52
54
58
51
55
61
59
62
76
49
55
55
55
60
55
49
54
49
50
53
54
50
49
55
56
56
53
52
46
53
56
53
59
56
68
67
57
55
55
50
48
62
58
55
63
56
55
56
58
57
56
56
58
55
66
113
126
102
83
86
81
53
57
63
78
61
114
84
55
104
50
48
51
53
53
59
55
52
49
50
52
51
48
48
47
48
57
57
55
57
47
56
71
57
51
48
47
49
57
55
49
48
52
51
54
48
46
51
67
51
50
53
53
49
61
57
55
62
49
50
54
47
48
56
55
50
57
49
78
51
56
54
49
57
52
56
52
52
49
60
48
52
54
49
57
56
51
54
50
48
50
61
49
49
54
64
57
61
60
56
50
52
50
50
54
60
49
50
49
57
55
53
52
57
58
52
51
53
59
52
55
51
51
49
49
53
49
46
47
54
54
53
53
46
47
48
47
59
53
54
49
53
51
47
51
49
49
53
55
55
61
60
52
49
48
48
50
58
89
65
63
54
56
54
54
50
54
49
57
57
50
63
48
54
50
52
53
56
52
53
51
62
48
61
61
51
51
53
53
49
56
59
56
56
60
49
50
55
53
53
56
65
74
52
59
66
57
57
56
56
57
55
60
56
52
56
81
66
54
50
52
60
54
58
54
62
59
58
58
59
59
53
77
59
55
65
59
64
63
62
60
68
52
59
55
61
62
60
63
58
61
59
60
62
57
66
56
67
61
67
57
64
95
59
56
57
59
54
49
62
59
56
57
54
57
57
53
55
56
64
49
59
49
57
63
60
69
63
58
62
64
61
52
48
48
48
48
48
47
48
55
76
47
56
54
47
46
50
57
47
47
86
47
46
59
66
52
54
55
54
54
63
53
58
57
59
53
53
54
49
48
50
47
47
47
56
57
53
53
52
53
52
55
54
54
53
54
53
54
54
58
52
58
55
51
50
53
50
49
48
51
56
60
66
51
56
57
53
55
56
49
57
53
50
50
52
55
50
49
48
48
49
55
59
58
49
46
47
52
50
50
53
53
55
53
48
48
52
53
46
53
49
61
54
52
55
57
52
53
53
51
59
57
56
55
54
55
51
53
53
54
52
56
58
55
78
56
51
55
58
54
55
55
79
59
55
51
57
55
55
49
47
48
46
48
60
55
60
58
56
64
56
55
53
52
52
51
51
53
54
55
52
74
54
56
55
61
57
53
56
57
53
56
53
54
54
51
63
55
59
48
62
57
53
51
56
89
55
55
55
53
50
55
49
54
47
52
52
55
79
55
55
48
48
49
46
48
46
46
57
55
54
52
51
59
56
58
56
49
53
55
57
53
57
58
58
57
56
59
55
49
50
50
49
50
53
50
54
50
51
54
48
52
49
48
48
58
52
51
50
48
49
51
49
52
49
50
49
50
49
52
48
50
49
53
49
51
51
50
51
48
51
49
48
80
49
52
53
53
54
50
49
49
50
50
51
49
49
50
51
51
55
52
46
47
51
47
56
51
50
51
51
50
50
51
48
48
47
54
46
56
54
57
55
54
56
54
55
58
55
59
49
49
49
51
52
48
51
53
52
52
54
51
47
47
48
65
57
57
54
58
58
57
50
57
55
57
51
58
54
53
67
54
60
59
58
51
57
62
57
53
55
52
51
56
56
55
60
48
53
58
56
57
51
52
52
52
51
50
50
52
52
50
54
50
50
50
56
51
56
83
51
55
53
51
48
50
53
45
56
50
49
48
54
54
46
47
49
49
55
55
63
54
54
60
65
55
51
49
46
47
47
47
54
80
51
49
47
55
55
56
54
53
55
52
57
48
50
47
55
57
56
50
51
49
50
53
51
49
52
46
50
48
53
52
52
48
57
57
49
45
49
52
55
86
55
45
45
48
50
47
45
55
55
47
47
56
47
90
53
58
55
55
53
57
56
56
56
51
49
48
51
48
49
56
57
48
49
49
53
55
56
59
50
55
48
51
47
51
48
51
53
46
56
51
55
54
54
50
54
56
54
58
47
52
54
52
53
47
53
50
83
57
53
50
56
52
55
53
51
50
57
53
50
50
54
50
49
49
48
50
52
61
51
55
54
53
55
50
62
51
52
58
57
49
53
51
48
56
54
55
56
95
48
56
56
55
51
53
57
54
53
46
48
58
80
54
58
53
56
55
55
55
48
50
