14
19
16
22
12
14
15
16
13
27
13
38
16
14
15
13
13
31
36
21
15
17
20
28
29
24
16
23
25
28
18
17
21
18
24
18
19
25
26
20
25
25
23
22
33
26
21
23
22
25
27
19
28
29
24
17
26
19
20
19
20
12
12
19
17
16
16
13
12
21
13
14
14
15
13
14
13
14
15
13
15
20
18
15
14
13
15
13
13
21
13
14
17
15
14
15
13
15
12
12
13
19
13
20
22
21
16
16
20
29
16
13
17
13
13
13
12
16
13
19
15
20
12
18
21
21
13
14
13
14
14
20
17
18
12
18
19
13
14
15
21
20
15
15
19
15
15
14
14
14
14
14
13
13
14
14
13
13
18
27
15
33
14
14
14
20
14
14
17
13
13
14
13
13
13
12
20
15
13
17
14
18
15
15
28
22
14
13
14
15
15
23
15
20
44
12
16
18
20
13
15
17
18
17
23
18
15
15
15
14
22
14
13
13
15
15
14
14
14
14
16
15
14
14
14
13
20
15
16
15
24
14
17
18
25
19
13
17
14
21
13
14
17
14
15
14
15
25
19
14
13
15
13
14
17
15
15
13
13
15
12
15
23
20
23
23
21
45
22
56
21
24
25
17
20
15
15
17
14
17
16
15
21
28
22
21
20
20
21
21
21
14
13
13
13
14
15
13
14
13
14
13
13
14
18
20
26
13
20
15
14
15
15
14
12
15
16
18
17
14
13
14
14
13
13
13
15
12
14
13
12
14
14
15
14
13
14
22
20
17
13
13
14
12
19
13
22
20
18
19
21
17
17
19
17
18
17
17
17
21
20
18
16
17
23
21
16
17
14
14
15
15
14
13
20
12
22
15
20
13
18
18
14
19
17
17
25
17
19
15
20
24
16
31
13
16
16
15
13
14
14
13
13
22
15
12
14
14
13
19
14
16
20
13
21
14
18
15
16
13
17
18
15
15
14
14
18
13
20
15
18
13
14
13
14
13
13
13
14
15
14
15
15
14
13
13
15
14
14
14
13
19
13
13
19
19
14
15
20
20
17
17
19
19
18
16
20
18
19
18
20
21
18
17
15
14
20
20
19
21
17
14
16
25
15
13
15
31
15
15
15
15
18
20
17
21
15
16
17
15
18
14
17
16
16
15
16
16
14
19
20
14
16
17
15
18
18
16
16
18
14
16
18
17
16
14
21
16
16
16
17
16
14
13
15
13
15
14
15
17
18
20
21
22
22
21
19
19
23
22
19
20
23
22
21
19
18
18
19
18
18
19
18
16
16
13
13
13
13
13
17
16
20
14
15
16
13
17
16
14
15
12
21
20
19
14
24
18
20
22
18
18
17
17
18
18
17
19
13
13
14
13
19
14
15
16
15
13
13
13
13
14
13
13
13
13
20
14
48
14
16
15
14
15
19
19
13
19
13
13
12
13
13
13
16
15
17
15
15
18
15
16
13
16
16
13
13
14
20
19
20
14
14
14
17
17
18
15
12
13
13
19
13
14
13
13
19
16
17
14
14
13
14
12
15
13
14
20
16
21
44
19
13
13
13
13
13
21
20
19
19
13
16
12
13
14
21
20
20
17
17
21
21
20
14
19
14
13
14
14
13
13
19
17
16
15
19
17
26
18
13
13
17
18
14
14
14
14
13
13
14
13
13
14
19
18
16
14
19
13
18
20
15
12
12
12
13
12
13
12
12
14
17
13
14
16
18
17
13
17
16
17
16
18
16
16
13
18
13
14
15
15
13
13
16
13
13
14
13
13
13
15
19
14
13
13
16
16
15
22
14
16
15
14
14
14
12
15
15
15
16
19
17
18
19
16
13
13
16
19
16
16
20
19
18
17
16
16
17
13
15
16
15
14
13
14
14
15
15
15
16
13
13
13
13
17
14
12
12
13
13
13
14
15
19
12
13
15
13
14
15
17
18
16
12
13
15
15
13
16
13
13
20
15
13
20
13
13
12
13
13
13
18
13
19
13
17
16
16
17
16
21
18
14
15
14
13
20
13
14
21
14
14
14
12
13
14
15
23
12
17
17
16
16
16
12
13
17
18
16
15
15
13
13
13
14
18
21
15
15
14
14
15
13
13
12
18
12
13
12
13
21
13
12
12
14
19
20
19
14
13
12
12
12
13
12
12
12
12
12
12
15
14
14
17
16
16
21
21
12
12
16
12
13
13
14
14
14
16
19
15
17
17
19
20
18
13
18
14
14
14
20
25
25
21
19
14
13
39
20
22
20
15
16
19
16
15
17
17
15
