36
36
43
41
46
42
35
43
38
42
46
41
41
41
40
41
40
42
42
41
43
49
42
39
40
39
42
40
46
40
39
39
40
48
65
41
47
46
50
50
37
45
38
41
44
36
38
42
40
47
40
46
41
40
41
43
39
42
44
42
35
44
34
42
42
35
40
42
36
39
39
42
41
40
43
37
39
39
35
35
38
34
37
37
35
35
48
38
40
35
35
34
41
37
62
38
39
44
43
42
42
41
38
39
40
56
57
36
36
39
38
49
51
35
55
46
64
55
66
107
36
37
40
36
36
36
45
37
37
39
36
36
37
36
39
50
41
36
40
35
36
37
38
38
38
44
40
49
41
48
40
39
36
35
39
39
38
36
36
36
35
43
41
59
42
34
33
45
36
46
34
44
39
39
36
36
42
35
62
34
56
53
47
43
56
36
41
35
45
43
42
42
39
41
43
39
38
36
44
42
39
44
45
105
43
43
37
44
49
54
46
45
43
38
42
37
51
37
47
37
76
49
40
42
54
36
37
42
46
40
39
41
37
35
36
41
43
46
48
38
34
35
43
43
40
40
43
47
43
46
37
35
37
39
40
38
46
43
40
40
41
39
37
44
39
40
40
40
40
41
40
42
39
39
49
40
44
42
43
42
41
78
40
44
44
43
46
42
43
39
40
41
41
43
41
41
35
36
44
39
45
37
38
40
38
42
37
37
36
36
35
35
36
37
44
68
45
46
45
44
45
37
36
39
34
39
43
45
55
35
38
40
39
37
47
38
35
35
34
35
34
39
53
41
37
38
43
41
36
42
42
43
41
43
60
37
35
34
34
40
39
38
39
36
37
41
45
40
38
38
44
38
36
38
36
44
35
44
39
61
45
45
40
40
45
40
37
42
48
40
40
49
41
41
51
39
47
50
38
40
37
41
47
42
40
44
44
44
44
45
52
44
45
44
54
72
40
36
42
36
44
38
39
44
40
42
51
44
43
44
48
47
42
44
42
44
44
37
39
42
45
40
45
36
43
42
45
43
44
57
47
45
67
66
44
41
46
37
36
36
36
36
36
47
45
37
42
35
36
35
42
41
40
35
34
35
34
35
46
36
35
35
35
35
42
36
35
35
34
35
40
50
37
39
38
38
38
34
35
34
34
45
34
40
39
40
40
41
34
37
37
37
37
46
46
40
50
35
37
45
40
34
36
42
41
41
39
39
42
44
35
36
39
42
40
44
42
39
40
43
44
40
43
43
51
42
37
35
40
43
41
39
39
39
40
42
35
47
42
42
34
34
40
35
42
45
39
41
40
42
41
40
41
39
40
39
38
42
41
43
41
48
47
38
40
41
40
48
36
42
38
42
37
34
46
34
34
34
34
35
40
39
36
42
39
42
43
43
37
38
42
41
40
41
34
42
42
42
40
40
41
41
42
44
41
39
41
40
41
38
36
42
33
34
34
33
37
34
39
39
36
38
35
34
34
34
51
37
43
42
48
46
44
44
44
51
37
37
39
37
46
36
34
43
44
43
41
46
42
43
45
41
40
43
41
40
46
39
46
77
42
39
37
41
40
39
35
35
34
35
42
35
35
34
35
34
42
39
59
41
42
37
36
36
37
44
36
38
37
44
42
44
37
37
37
37
37
39
41
44
47
47
43
44
42
41
41
40
41
40
41
43
40
43
40
44
39
38
42
39
43
45
40
39
36
38
38
37
35
35
38
36
45
41
41
35
50
45
42
43
43
74
44
45
38
38
39
44
42
39
37
38
34
38
36
37
37
41
36
34
35
34
34
34
34
34
34
34
46
34
35
44
44
47
37
35
35
37
36
35
35
39
47
45
40
37
37
35
35
34
37
36
33
42
40
39
37
37
38
37
42
35
36
36
35
37
35
39
33
35
36
40
39
35
38
35
34
36
35
42
41
43
34
34
36
43
37
37
35
45
41
34
34
34
39
37
41
39
33
34
37
35
34
38
41
41
37
35
39
36
39
35
37
41
38
41
35
36
36
36
37
35
38
39
37
35
42
43
38
36
35
37
43
40
36
62
43
43
44
40
36
36
41
39
38
36
44
42
46
40
41
43
42
45
36
35
35
44
42
65
35
36
40
39
37
37
36
36
39
40
40
38
38
38
39
40
37
48
39
36
39
71
38
37
36
34
35
33
36
36
42
38
35
41
40
35
39
64
42
37
35
39
41
37
36
34
35
40
38
37
34
47
36
37
37
35
35
38
37
36
36
35
36
48
37
38
36
72
36
39
37
37
42
77
44
37
37
39
37
36
