21
21
23
20
18
20
17
15
19
19
18
19
18
16
22
35
19
24
17
16
27
17
15
15
26
18
18
24
22
22
19
18
18
18
18
23
23
17
17
23
17
18
21
18
20
23
17
17
17
19
18
24
17
19
19
17
16
17
51
23
30
22
21
21
15
16
15
16
19
20
19
16
15
23
33
19
17
23
17
20
26
25
24
21
19
20
16
17
16
19
17
17
18
21
23
25
21
20
18
23
35
25
17
20
16
15
15
16
15
15
16
16
15
15
19
19
20
20
19
18
17
35
15
17
16
15
22
17
16
17
19
17
16
16
18
16
15
16
25
19
18
29
18
20
17
24
16
16
15
17
17
18
16
17
17
18
17
65
16
16
14
15
15
15
14
15
15
14
18
22
15
14
17
17
27
22
15
16
16
16
16
23
23
22
18
16
16
17
16
16
16
21
17
15
23
15
15
15
15
16
21
20
18
20
19
22
20
21
29
27
28
19
30
27
26
16
17
26
19
19
17
17
16
16
16
16
25
20
17
17
16
16
25
23
23
16
17
17
16
15
15
15
15
18
17
16
20
17
16
16
16
16
15
27
20
26
30
25
19
20
19
19
33
19
24
25
19
24
26
24
24
22
21
55
24
24
17
21
18
21
23
45
15
16
17
17
19
20
22
20
17
17
23
17
16
17
19
18
15
16
15
15
19
15
15
19
32
16
23
20
24
25
24
23
23
21
21
21
20
15
23
15
18
16
16
16
17
26
27
21
23
21
21
22
17
18
16
16
19
18
17
18
17
16
21
23
22
22
19
20
25
24
25
19
17
16
16
17
16
18
20
15
19
18
16
20
16
24
47
23
17
16
15
15
23
15
16
15
16
20
20
20
19
17
17
17
16
18
25
23
19
23
20
20
18
22
21
51
19
16
20
25
17
16
23
15
17
15
16
17
18
18
24
23
24
24
23
20
17
25
23
20
24
21
22
25
34
23
19
24
23
17
16
18
18
17
21
16
21
75
17
17
18
18
19
15
15
24
24
18
26
24
22
21
18
16
15
15
24
16
15
17
17
17
17
16
27
15
22
24
23
24
22
20
15
16
23
19
16
25
24
22
25
25
18
31
15
16
15
15
15
16
23
16
18
18
15
16
17
17
22
17
18
19
18
17
16
19
19
16
16
17
17
17
16
21
15
16
17
15
19
20
17
16
24
15
15
17
15
15
15
16
17
18
17
16
21
17
16
20
19
16
17
18
17
21
19
18
18
17
16
17
16
19
17
19
22
16
20
20
20
19
16
25
24
16
20
20
23
23
46
23
26
18
24
25
22
19
16
16
23
21
25
17
23
23
22
20
20
17
16
18
24
16
17
17
24
24
53
24
24
25
27
24
23
23
23
15
15
17
17
15
16
20
19
18
17
17
17
16
18
15
16
15
16
16
16
23
16
16
15
16
16
16
15
17
17
17
17
16
17
17
16
17
17
17
16
16
19
17
17
16
17
17
19
17
18
17
18
17
19
17
18
19
19
20
17
18
16
21
15
21
19
19
19
20
16
17
15
17
16
16
17
16
15
16
16
23
24
18
17
96
16
18
17
21
27
26
23
17
18
16
18
19
19
19
17
17
25
17
18
18
16
16
26
24
23
23
26
49
26
24
25
24
24
23
17
20
17
24
46
23
26
18
18
19
20
17
23
18
21
17
23
22
22
22
19
25
17
18
18
18
24
23
21
19
17
17
18
18
22
19
17
17
20
17
16
16
16
24
18
17
17
19
20
20
21
20
19
19
18
25
22
21
24
24
22
21
21
20
20
17
17
16
17
17
17
16
19
17
17
24
17
16
23
22
20
19
19
18
16
16
18
17
25
19
23
25
15
16
16
17
16
24
18
22
19
19
20
16
18
19
15
17
21
15
15
15
15
16
17
18
24
16
16
16
17
16
16
17
18
16
16
18
16
17
15
16
16
16
16
22
19
20
15
22
20
21
21
17
16
16
18
14
16
19
22
19
16
19
22
18
22
16
19
18
20
17
14
16
16
15
14
15
14
24
29
22
21
22
21
22
23
23
17
24
22
24
16
18
60
16
16
20
16
17
18
16
16
17
16
16
16
15
17
17
19
16
16
15
14
15
21
22
21
21
22
23
18
16
16
17
15
16
21
50
22
22
42
17
20
16
15
16
17
16
16
15
16
15
17
20
15
15
14
14
16
16
15
16
57
22
19
17
18
18
18
21
22
19
18
16
20
20
16
24
18
18
27
16
15
16
15
15
15
15
15
15
20
17
