34
35
33
35
41
73
77
67
90
42
47
64
70
88
59
64
56
55
70
90
36
36
36
40
42
41
38
44
42
56
42
36
36
42
43
39
43
41
40
42
38
46
46
42
52
46
46
46
42
56
36
37
38
37
37
37
38
37
37
44
43
41
42
41
43
37
43
37
39
38
36
41
70
38
38
35
36
34
35
39
44
40
38
41
41
41
43
36
35
35
35
35
51
37
45
43
40
39
46
44
41
69
69
59
42
55
48
81
72
58
95
70
96
38
38
66
44
53
83
56
36
35
36
37
38
36
35
34
35
35
68
44
44
37
39
39
51
43
44
40
36
34
36
37
35
52
38
35
46
42
43
36
42
46
42
42
39
38
41
40
42
36
36
41
42
41
35
37
40
38
41
48
38
39
35
40
34
41
39
44
45
42
35
34
46
42
35
35
44
83
41
39
46
37
35
36
38
38
37
38
44
41
42
54
46
49
42
45
43
41
41
49
40
41
44
39
72
44
44
45
38
41
36
42
44
36
35
60
43
44
75
46
38
45
42
43
42
40
40
41
40
42
39
38
42
36
46
41
39
46
39
41
40
39
39
43
38
41
37
37
40
37
40
36
39
42
42
40
44
36
35
36
37
44
40
65
42
35
38
46
40
39
43
42
37
44
39
40
54
46
41
43
43
47
47
42
37
38
41
37
39
50
46
48
47
44
45
40
38
36
36
43
38
44
55
38
40
44
39
36
36
36
41
43
42
40
38
39
44
37
50
38
44
58
79
41
40
37
39
39
36
42
43
38
37
37
44
43
36
36
35
35
47
68
53
39
40
46
36
41
40
47
41
40
43
39
41
45
45
39
80
37
38
37
34
34
37
39
35
45
34
36
37
37
37
45
43
44
46
36
41
36
48
74
45
36
39
44
44
45
45
43
43
40
39
42
36
39
67
40
44
86
45
47
39
38
37
37
37
39
50
43
46
39
38
40
42
39
39
43
47
43
68
51
48
40
39
37
45
51
39
36
40
46
45
38
97
41
42
45
46
45
39
39
36
36
47
46
36
52
43
39
39
38
50
36
40
38
35
46
34
35
92
39
39
37
35
34
35
41
46
43
36
37
78
46
37
45
40
40
39
37
36
40
37
37
44
44
37
41
40
39
47
38
39
37
45
41
45
45
40
39
38
39
37
47
68
37
38
41
41
40
38
39
38
38
39
50
43
43
36
41
39
41
39
36
43
38
47
45
38
45
42
41
42
45
47
45
42
42
40
37
37
37
38
40
38
48
37
48
37
43
37
42
42
38
39
42
38
47
39
49
47
46
46
47
48
39
39
48
46
46
40
43
70
38
44
48
47
45
46
46
46
41
41
41
41
40
40
40
37
37
38
36
36
39
40
36
45
37
38
37
39
38
38
40
39
39
38
48
45
48
44
45
44
39
45
44
51
40
35
39
39
41
50
44
45
45
38
42
40
37
40
36
45
48
47
44
41
41
41
46
42
44
43
42
54
49
46
47
47
38
51
52
42
51
47
47
48
48
47
47
41
38
45
39
38
38
38
39
41
37
36
35
38
43
39
37
40
37
42
40
40
38
37
36
40
42
45
38
39
36
44
40
39
46
39
38
38
37
37
37
36
37
45
45
36
37
37
38
37
39
37
38
35
45
38
40
36
37
41
37
37
36
38
37
38
38
39
67
37
42
40
37
42
36
39
36
38
36
36
42
41
45
41
42
41
65
40
48
42
56
39
38
39
38
44
39
37
37
43
40
41
40
37
36
37
39
43
41
44
44
36
36
42
36
38
37
44
42
42
38
34
36
36
74
43
43
40
45
36
37
38
38
36
39
35
35
58
44
44
44
40
34
41
42
36
36
39
41
37
55
50
40
44
40
43
45
42
36
43
39
35
35
34
53
56
42
43
40
39
41
41
36
34
35
35
40
39
41
51
38
38
38
39
40
39
41
43
36
42
45
38
39
62
41
46
37
37
37
45
44
35
37
39
38
37
35
35
35
34
38
38
37
37
37
36
42
37
38
37
36
34
40
46
43
37
36
48
39
39
38
40
38
45
45
42
41
40
39
38
37
35
44
44
38
37
39
36
36
36
45
41
38
38
38
36
43
44
43
44
36
41
37
38
47
40
45
44
44
39
37
36
39
36
38
37
40
36
61
42
36
37
45
37
38
35
37
37
41
39
43
42
44
69
44
40
42
41
40
38
37
35
37
37
46
48
55
69
44
43
44
48
36
38
38
43
36
42
41
37
38
44
39
39
41
41
40
36
34
