23
29
30
28
31
32
24
26
26
24
23
24
29
28
53
32
30
38
35
28
31
32
28
32
32
34
29
26
30
28
29
33
35
27
37
37
29
35
46
39
31
33
25
23
23
24
24
24
23
24
25
24
26
24
24
40
32
32
32
28
28
27
26
53
37
24
27
26
25
25
27
25
28
24
29
25
27
27
25
30
25
27
26
26
25
24
24
25
25
25
26
25
24
24
25
24
24
23
23
37
46
45
60
26
35
35
48
27
39
26
26
33
23
24
31
30
30
27
24
31
24
25
24
28
30
25
25
24
35
24
24
27
26
31
24
26
28
25
25
25
29
26
27
27
26
27
27
25
25
27
36
26
28
25
25
30
26
25
24
28
25
24
24
28
26
55
29
29
28
25
26
25
28
24
29
25
27
25
25
25
25
26
25
32
32
31
24
26
24
25
50
25
25
31
29
32
29
69
34
35
31
28
32
28
28
28
27
66
28
28
33
32
26
32
38
32
28
30
30
25
29
36
26
26
26
29
26
28
41
31
29
31
33
29
25
27
27
28
33
36
30
29
25
24
34
32
33
48
33
48
37
28
34
34
41
32
32
31
35
28
32
35
32
30
31
28
30
37
28
26
26
26
27
30
26
28
34
33
31
30
30
28
33
33
32
32
41
26
32
27
30
29
34
29
30
31
30
30
32
26
29
32
28
26
32
31
31
30
32
29
28
29
31
28
28
27
27
33
31
35
32
32
42
30
26
26
27
26
23
29
29
27
27
27
29
28
27
28
33
32
33
34
31
28
29
29
27
25
28
30
27
26
28
28
25
26
24
24
34
34
52
31
30
27
28
34
28
27
35
27
39
27
25
24
25
26
27
26
26
26
26
31
28
29
31
31
33
26
32
32
33
34
28
32
28
28
28
40
28
29
31
31
31
30
30
31
28
29
25
31
29
28
30
29
28
31
41
26
29
29
32
25
25
32
31
32
30
30
26
28
25
31
33
27
30
40
25
35
25
25
25
24
24
32
24
31
32
59
35
49
35
28
42
27
25
31
31
31
32
32
24
29
28
25
27
26
24
25
26
28
29
38
28
25
26
28
36
32
26
25
31
28
28
27
30
34
31
33
29
26
27
26
32
26
29
30
25
26
24
24
23
30
33
30
27
32
34
27
25
23
24
24
24
24
28
24
23
24
27
26
38
26
31
26
26
27
30
25
27
25
25
27
24
26
27
26
25
25
26
27
26
25
25
25
26
26
26
29
25
27
26
25
25
24
30
26
25
26
33
26
27
28
29
27
31
27
31
28
29
27
34
29
33
26
26
32
35
27
30
30
33
60
27
34
30
30
28
29
30
26
28
28
26
29
31
27
25
29
34
32
31
31
32
30
30
30
32
25
26
26
26
26
27
27
27
25
31
32
31
31
31
30
31
29
30
32
32
31
32
31
33
31
59
32
31
64
32
31
32
35
33
26
33
25
24
25
28
29
27
30
25
29
30
32
33
30
28
29
31
31
27
27
28
31
34
25
32
30
36
32
32
31
27
28
29
35
29
27
34
28
30
31
32
28
27
32
28
26
28
25
28
29
31
28
24
26
30
26
27
27
26
29
30
27
26
28
26
24
29
26
29
29
28
29
25
32
27
26
26
30
29
29
33
30
35
28
26
32
25
25
24
25
26
26
25
25
25
24
28
24
35
53
32
32
32
28
32
32
33
26
58
26
27
29
28
28
27
29
30
35
26
28
26
26
32
27
25
28
28
25
28
27
29
32
27
36
25
26
28
25
32
24
30
26
26
30
26
28
32
27
32
25
27
27
28
27
26
35
26
24
32
27
25
26
24
26
24
24
32
23
24
24
24
25
24
25
34
27
32
26
27
25
24
25
26
32
24
23
23
23
24
30
26
29
26
24
33
31
24
32
32
26
31
25
33
24
24
26
27
25
27
33
40
32
29
26
62
25
26
35
27
33
33
25
24
35
32
30
29
33
31
68
30
29
28
24
30
28
29
28
31
30
25
25
31
31
24
30
28
29
52
31
29
31
34
25
26
26
33
30
26
27
33
31
32
33
26
24
24
27
26
25
27
25
26
27
33
24
24
25
26
27
25
25
30
29
30
31
25
25
28
25
29
25
25
35
34
26
26
28
31
27
24
29
33
25
27
24
25
25
24
24
29
25
24
30
30
30
24
29
28
24
27
26
30
27
30
28
26
31
61
31
64
25
29
28
28
28
29
26
29
29
30
23
28
27
25
25
30
26
27
25
66
29
27
26
27
24
25
26
