17
16
36
27
28
16
20
13
20
48
21
32
25
23
19
20
14
11
14
34
27
19
17
14
17
27
25
27
23
16
17
18
18
18
17
18
26
19
19
17
21
19
20
12
26
17
14
15
18
20
18
18
15
15
13
13
13
13
13
20
12
16
14
17
13
13
13
20
16
21
18
18
16
20
21
17
16
20
19
16
17
19
19
29
19
27
18
16
24
19
16
14
16
15
18
16
15
22
21
20
22
21
14
13
13
12
13
13
12
15
16
16
19
27
33
41
40
19
25
33
18
18
14
21
13
13
15
14
13
14
13
12
13
27
13
20
19
13
18
20
16
12
14
13
13
15
23
14
14
14
17
14
12
13
13
14
16
13
13
14
16
18
13
20
12
20
19
19
19
17
18
13
14
15
13
14
16
14
19
15
21
15
14
13
18
21
15
14
18
15
19
14
14
19
36
17
19
20
19
21
12
24
13
14
15
13
16
22
23
19
14
15
16
21
13
13
13
14
16
19
18
15
20
14
14
15
21
17
14
14
22
14
18
13
12
13
21
19
19
12
21
24
24
23
22
22
22
20
27
23
20
22
19
14
14
15
14
13
14
19
13
16
13
16
25
17
14
15
15
13
14
13
16
13
13
13
13
13
13
14
16
14
13
15
16
13
13
13
14
13
12
13
13
13
17
15
13
13
18
22
19
15
13
18
14
13
15
14
13
13
13
14
18
14
17
17
19
17
13
17
16
16
13
17
13
13
13
17
22
15
15
19
45
14
17
17
17
22
21
21
24
18
19
19
19
20
17
20
26
18
19
15
19
27
18
21
21
20
23
16
17
24
17
26
26
21
22
39
17
17
17
21
16
16
18
17
17
16
16
17
14
14
13
15
15
12
14
16
17
16
23
26
26
21
21
27
17
16
18
14
18
18
14
14
13
14
16
13
12
13
17
17
13
15
13
14
13
25
17
16
15
15
17
16
14
14
14
18
19
16
15
13
14
15
14
14
16
14
14
14
13
13
13
16
17
18
15
18
16
19
13
12
12
13
17
14
12
13
12
13
13
15
12
37
20
19
21
18
19
19
16
21
19
20
14
14
22
23
20
19
33
19
24
20
37
21
23
20
20
21
18
20
22
22
15
18
16
16
16
26
12
16
16
16
16
13
16
13
17
14
18
16
15
16
15
16
16
16
16
16
20
14
14
14
13
12
12
12
12
12
12
24
22
13
23
18
13
14
22
12
19
21
16
14
13
13
20
12
13
13
13
12
13
22
13
15
14
21
24
16
14
17
13
13
16
16
13
14
17
14
16
16
13
19
13
18
20
14
14
14
14
12
12
15
13
24
14
13
18
15
13
24
20
18
27
19
19
14
13
13
12
14
13
12
13
14
13
13
13
12
13
14
13
12
12
14
14
16
15
21
14
16
20
22
16
13
13
13
20
18
16
22
20
19
19
16
16
15
15
16
16
18
16
15
16
15
15
15
16
16
16
18
16
16
16
16
15
16
15
16
15
15
15
16
17
16
15
16
16
17
16
15
16
16
20
16
17
17
15
13
16
16
13
17
17
14
14
15
15
16
13
14
16
14
15
15
19
20
21
13
14
14
14
19
15
12
13
13
17
16
13
13
13
14
13
13
14
13
13
14
13
16
17
13
13
12
14
15
13
23
21
24
24
20
19
21
23
19
21
21
20
22
44
20
20
20
22
12
15
15
13
17
45
27
22
23
22
21
20
20
19
20
21
20
20
21
20
21
21
20
20
20
21
17
20
13
22
17
20
14
21
40
18
14
13
14
13
13
13
12
17
19
20
20
20
21
19
19
19
18
15
17
14
13
18
17
15
14
13
15
14
14
14
14
19
16
19
16
17
19
13
14
13
12
17
12
14
16
14
13
13
20
20
20
15
21
19
22
20
12
13
13
12
12
20
14
18
16
12
13
13
13
14
15
13
15
19
17
13
17
15
13
12
12
19
12
22
13
14
13
13
12
15
13
13
13
15
15
18
14
17
18
19
20
18
18
12
16
12
12
12
14
12
13
13
13
19
18
17
15
15
16
19
16
15
15
12
12
12
14
12
12
25
20
19
20
25
19
19
17
13
20
20
14
13
15
13
22
20
13
21
13
15
13
17
18
22
20
16
13
15
14
13
13
15
13
17
13
12
15
14
13
13
20
13
13
14
18
13
13
16
17
18
23
18
18
40
21
21
24
54
13
13
13
14
15
14
16
14
12
14
12
16
12
15
13
14
12
14
13
14
13
13
17
14
14
17
17
17
20
