69
68
63
65
63
67
72
81
88
72
67
69
72
67
67
63
63
64
61
62
75
77
70
102
119
125
168
147
99
76
80
93
76
73
82
73
70
69
81
71
74
76
72
74
68
64
74
66
69
74
67
69
69
70
70
70
72
68
66
84
74
72
71
65
60
62
85
67
72
63
64
64
62
61
60
59
67
62
85
71
68
67
67
69
65
79
67
67
63
71
91
67
76
78
74
73
66
82
73
67
95
63
71
60
59
60
59
59
59
59
59
65
74
112
85
85
66
69
62
65
65
70
64
64
63
63
68
67
62
65
72
59
59
60
66
62
65
63
64
69
75
66
64
67
69
69
66
72
69
79
64
68
71
69
68
65
71
65
69
73
75
63
71
60
75
84
71
71
62
59
66
61
65
78
62
68
63
63
64
64
64
61
93
74
71
65
73
61
70
74
69
64
70
65
72
78
70
72
69
70
73
65
78
61
65
65
68
70
78
66
69
65
71
68
79
76
72
73
67
66
63
64
69
61
82
123
91
79
76
68
73
72
78
67
64
65
67
60
67
61
64
66
67
67
67
64
69
67
66
59
73
68
71
73
61
75
81
78
60
67
64
60
60
64
61
70
69
72
64
70
70
69
71
69
66
75
76
71
103
77
72
71
72
78
81
77
75
67
73
71
70
73
61
60
61
69
67
63
72
67
70
67
64
66
68
63
71
71
76
101
75
78
73
65
74
70
72
72
65
61
69
70
66
66
69
65
68
65
67
71
63
62
67
66
64
66
62
66
66
63
63
69
64
77
73
71
76
66
62
60
77
73
62
72
64
65
73
90
68
74
72
69
62
75
71
65
64
70
64
78
74
63
66
66
69
64
62
59
62
62
63
60
61
65
75
73
69
73
76
71
72
71
72
70
72
64
65
68
67
66
65
71
73
61
60
63
61
65
66
63
64
65
67
69
67
68
66
62
64
75
75
63
64
74
67
64
68
72
72
72
75
71
66
74
72
79
68
67
69
75
72
61
61
66
63
75
62
70
68
74
67
70
66
68
68
60
65
76
63
65
73
65
70
70
67
73
69
67
67
65
68
69
69
71
64
64
76
75
68
66
75
65
61
62
63
64
61
63
60
67
67
69
69
73
66
63
69
75
71
68
65
70
63
68
72
68
75
66
71
75
70
67
73
73
87
72
76
76
94
64
67
65
68
63
63
72
64
71
69
70
68
69
67
66
65
71
70
70
69
70
67
65
67
66
66
65
65
65
65
69
67
69
75
72
65
75
73
70
65
61
74
61
76
69
68
68
66
70
69
69
69
67
66
68
72
67
68
60
78
75
62
75
73
60
71
65
75
99
84
71
70
65
68
67
63
64
93
70
64
64
64
64
72
70
72
72
74
70
62
64
69
70
70
80
70
79
73
71
61
62
67
61
68
65
72
66
69
65
67
64
64
68
70
65
71
71
72
61
61
61
60
61
61
62
61
61
73
71
67
64
66
68
65
62
65
77
78
69
69
68
69
71
66
69
72
76
65
65
62
61
61
73
68
68
67
66
67
64
66
70
74
73
73
71
77
70
71
69
66
67
69
65
66
65
63
74
64
66
69
65
72
71
72
62
66
67
71
72
72
69
88
64
72
68
68
71
71
72
69
73
72
70
71
83
75
76
72
97
70
63
78
66
66
71
69
96
72
70
72
72
73
68
67
91
75
70
62
65
78
77
78
77
76
74
74
70
72
64
66
69
74
72
70
72
71
66
71
68
68
70
68
71
73
69
66
69
66
65
70
68
69
71
67
73
77
76
71
68
69
72
75
72
68
75
74
67
67
64
63
76
71
72
69
66
62
66
68
68
66
67
66
62
74
64
63
64
62
68
71
69
67
68
96
71
72
75
70
67
67
70
72
65
63
65
63
59
63
64
69
61
70
70
69
73
66
60
60
67
75
72
72
59
60
63
60
72
63
65
62
91
70
66
66
68
99
67
63
70
62
59
64
64
68
61
69
70
62
124
64
59
59
63
63
70
65
64
69
63
60
66
70
66
60
64
60
74
66
65
63
60
66
67
65
72
63
66
71
71
77
64
69
70
63
64
60
63
61
65
66
68
67
67
76
65
65
63
65
68
66
72
63
71
100
72
65
65
72
71
70
67
64
64
72
65
66
63
69
65
69
69
67
71
73
67
61
75
68
68
65
63
62
59
67
66
66
71
64
69
61
59
60
60
61
61
59
63
59
60
59
59
59
62
65
68
67
66
60
60
62
65
62
60
59
71
68
76
67
71
65
72
