79
111
80
95
74
91
237
121
104
85
131
94
86
75
83
89
78
76
86
97
82
78
72
88
68
71
75
78
74
89
74
78
73
82
77
76
71
71
69
75
71
73
91
80
65
75
66
70
68
63
63
78
78
78
66
74
68
65
67
66
70
70
68
68
112
75
68
62
60
68
63
64
76
64
69
62
65
65
62
62
66
68
61
68
61
77
68
69
68
63
67
69
107
70
203
140
133
87
125
115
71
70
67
70
73
83
78
76
72
82
67
125
102
95
112
72
80
81
71
64
69
69
67
67
67
72
68
64
71
64
68
67
81
74
68
63
70
68
70
73
64
71
67
65
63
67
73
65
64
64
72
68
71
70
64
65
64
65
65
62
64
62
67
61
61
93
70
65
65
66
64
65
65
74
65
67
66
65
66
63
70
90
66
72
70
69
87
82
66
76
66
65
66
61
61
63
101
71
71
65
81
70
69
69
82
72
71
70
70
72
72
73
82
82
78
72
75
72
97
76
168
148
98
77
82
87
115
65
67
61
99
73
68
66
69
65
67
77
66
67
80
68
68
70
72
78
71
73
69
72
76
80
66
62
75
71
62
71
64
66
73
71
65
67
67
65
61
75
68
62
65
67
69
70
63
76
75
78
70
70
71
66
68
63
63
67
66
66
64
65
70
70
76
66
66
64
65
73
77
71
72
70
70
70
62
67
69
78
65
75
66
67
66
65
71
63
66
65
62
62
71
70
67
72
76
73
67
65
68
64
71
72
73
71
65
69
65
81
80
112
77
72
66
65
65
77
77
67
67
67
63
77
65
67
75
64
75
64
66
64
69
74
66
67
69
68
74
65
67
62
64
65
76
67
68
72
72
71
67
65
74
67
66
66
74
67
76
72
70
73
71
65
68
70
64
66
69
67
71
82
79
63
70
64
63
64
72
69
78
67
68
71
69
69
80
71
76
69
67
62
60
61
66
69
70
70
72
70
67
76
89
64
79
66
63
72
61
63
64
63
82
75
69
72
68
65
70
76
70
67
71
68
68
68
76
75
73
67
72
69
75
67
71
69
68
64
70
70
71
67
64
63
71
66
64
70
66
63
79
64
73
72
71
69
68
68
68
67
69
64
73
77
78
72
74
73
79
72
74
62
67
74
66
68
78
65
71
71
70
62
66
65
63
63
62
68
68
63
64
63
63
62
67
73
63
67
69
67
61
80
65
62
61
60
63
65
63
64
71
65
64
67
69
64
72
75
72
65
74
71
64
63
67
66
63
65
61
74
73
81
65
74
66
66
65
72
74
68
75
103
62
63
62
64
61
67
68
67
67
66
67
65
67
68
64
65
64
65
65
103
74
72
73
65
65
61
69
70
68
72
69
68
64
73
71
77
63
72
73
70
71
72
63
65
63
71
72
64
68
71
70
67
71
77
69
65
71
72
72
67
66
63
62
61
75
72
69
64
71
69
70
73
93
72
74
63
61
75
81
69
66
66
65
65
68
65
64
64
64
65
66
63
64
74
66
74
62
65
61
61
62
70
70
63
68
66
66
62
60
73
69
66
70
69
70
71
70
72
71
68
69
69
69
65
69
68
66
68
69
65
64
74
73
65
61
67
66
75
64
61
60
65
64
72
71
68
73
68
73
73
70
66
64
71
71
65
72
68
66
69
65
65
65
66
67
69
63
64
104
65
72
67
61
61
60
71
67
61
62
70
70
61
60
73
73
74
71
65
60
65
71
72
67
66
80
63
63
93
67
88
75
81
77
74
72
77
71
73
76
69
66
66
67
97
110
73
73
81
74
72
66
72
78
78
98
79
74
81
78
82
66
64
68
68
79
64
66
62
66
63
73
64
64
73
65
61
73
66
72
64
60
61
66
61
61
60
60
98
69
63
77
61
61
70
67
66
74
62
65
74
70
74
73
62
62
65
63
63
89
68
66
67
63
72
62
60
75
74
77
72
62
71
68
74
103
72
67
71
109
77
71
67
68
64
67
68
74
65
66
65
71
97
67
63
62
65
74
63
69
62
67
66
67
65
65
71
73
62
65
64
66
65
71
73
62
78
63
91
64
71
66
68
65
65
71
62
66
63
61
63
98
81
73
66
66
65
65
65
66
66
69
76
66
72
67
74
66
67
97
79
69
65
61
66
69
67
74
77
64
66
73
64
67
65
64
68
60
62
61
66
66
63
60
61
70
66
67
71
65
67
66
76
98
64
67
66
68
65
65
64
64
71
64
65
84
80
61
62
70
68
65
71
71
66
64
68
68
69
64
66
