90
190
93
81
77
102
87
111
139
98
118
134
108
115
125
105
104
84
103
76
116
140
114
111
112
120
112
115
102
126
120
109
151
109
110
112
126
120
105
105
87
79
79
82
80
77
79
85
84
79
82
79
82
82
78
86
80
84
82
82
85
124
84
85
86
86
83
87
87
84
87
85
101
85
84
85
84
92
84
83
90
82
78
89
88
81
97
81
88
80
79
79
86
90
86
102
94
83
84
105
82
88
82
89
83
86
85
92
94
89
85
90
79
87
88
88
88
88
104
92
86
88
85
79
77
94
80
83
90
79
78
85
84
80
83
83
80
85
78
83
86
86
83
84
88
78
82
83
77
86
81
90
85
78
86
77
78
91
77
87
84
90
89
86
83
83
80
81
77
85
79
88
83
82
83
93
85
81
80
83
89
87
88
90
100
104
89
88
84
97
92
104
97
95
124
96
94
83
77
92
87
78
89
78
96
88
84
83
86
84
85
84
90
85
86
83
82
83
86
85
85
80
89
93
103
85
76
98
83
88
81
84
79
85
80
81
80
93
87
81
93
89
89
88
86
90
98
93
85
95
83
84
97
85
82
98
93
84
91
85
84
81
87
89
95
88
99
88
86
83
89
87
89
80
81
86
85
85
94
92
85
90
100
91
85
89
89
92
97
99
105
84
94
112
103
95
117
101
98
104
93
92
100
102
100
86
90
90
94
88
87
89
108
99
106
108
96
104
100
85
93
88
91
138
94
95
95
85
86
100
97
102
95
117
95
105
99
87
83
95
92
101
88
98
87
95
80
84
92
82
90
82
92
114
91
80
131
90
93
98
82
91
91
91
86
92
92
89
83
92
95
86
87
84
81
87
88
86
84
81
87
81
84
89
86
80
87
83
92
87
82
81
86
83
95
102
90
96
84
82
88
115
115
91
99
92
91
105
96
90
91
89
88
90
91
84
87
96
90
83
94
80
97
85
93
92
103
92
96
108
90
98
94
92
88
88
88
95
89
94
97
93
92
93
91
93
88
96
90
91
89
90
93
95
88
92
94
92
101
88
98
88
89
101
89
88
94
108
105
87
121
110
109
94
106
89
121
94
113
128
108
105
100
101
127
101
104
116
111
119
102
133
104
106
128
116
122
114
107
121
84
83
89
88
81
90
91
88
89
86
87
83
80
80
81
83
81
85
80
81
84
89
92
88
92
93
88
96
87
83
82
94
82
80
91
88
81
81
80
77
84
82
83
79
93
80
83
89
86
89
105
90
87
85
93
88
85
86
86
88
91
87
87
86
92
83
139
91
87
88
98
88
88
80
87
82
83
79
93
87
98
89
82
88
85
81
82
85
84
87
79
83
80
88
83
90
85
89
83
81
85
80
83
88
81
83
95
108
84
87
82
86
82
85
82
84
88
88
84
86
85
87
82
86
81
91
87
78
89
117
91
85
86
83
87
98
88
87
82
92
116
103
96
111
106
123
99
90
91
89
92
87
86
89
91
100
89
88
83
85
77
83
94
88
86
92
93
88
85
85
88
85
96
92
79
77
79
78
92
84
91
91
84
78
85
85
82
89
82
86
83
101
89
85
82
84
89
88
98
99
87
87
81
87
88
80
88
112
84
90
87
86
86
81
93
97
86
84
87
78
81
81
85
89
84
86
87
91
91
86
86
79
90
78
85
79
86
86
110
91
92
85
90
82
87
81
79
80
80
88
81
109
92
80
84
82
98
96
95
87
91
85
91
91
94
82
80
87
82
100
80
111
95
89
90
84
94
90
86
81
81
82
85
82
93
87
85
81
107
93
86
100
83
83
89
86
84
90
100
100
82
83
86
88
88
81
81
84
82
87
81
92
88
78
105
88
78
83
80
91
104
88
78
81
76
78
78
78
87
78
85
81
89
110
95
88
89
92
90
88
98
82
81
79
77
76
93
80
77
79
79
80
80
77
83
93
106
116
109
97
86
91
83
81
93
87
91
82
87
95
96
83
97
99
87
86
88
88
91
82
83
81
83
86
83
81
83
83
85
86
77
80
78
90
101
84
96
83
84
83
90
80
82
83
83
93
88
82
84
81
88
84
81
82
78
81
83
83
80
85
81
82
86
87
93
85
77
87
78
76
78
142
85
85
81
83
77
77
81
86
77
76
80
87
88
87
81
76
76
76
78
77
78
77
76
76
85
94
88
86
89
81
94
97
88
88
88
91
108
89
93
82
88
99
104
91
88
87
92
80
85
76
82
85
85
86
88
102
86
87
90
85
88
87
85
85
95
92
92
91
