69
63
63
70
83
117
79
69
110
88
84
80
71
65
70
75
132
116
62
130
92
88
88
84
86
90
85
84
84
85
83
85
83
100
91
89
97
88
94
98
71
66
65
63
66
63
63
73
76
66
64
63
64
63
69
63
65
65
63
67
65
71
67
63
66
67
75
64
63
65
63
77
79
78
76
68
87
72
73
75
64
86
67
69
65
64
68
79
66
75
71
69
69
89
75
74
70
81
69
75
76
65
101
71
77
71
72
70
73
72
74
72
67
74
73
71
69
94
72
71
75
78
82
68
73
65
68
70
66
66
75
67
66
65
64
64
75
71
101
80
68
77
72
75
79
76
74
74
68
79
70
71
74
74
70
71
68
73
79
67
62
67
63
65
63
72
85
72
65
83
77
70
62
62
64
75
76
73
67
75
85
80
87
99
77
96
71
77
72
72
72
71
75
75
74
71
73
74
82
86
70
65
64
75
84
70
63
68
83
69
69
72
70
68
70
80
66
69
72
68
66
73
66
76
73
72
68
66
67
74
66
79
66
67
68
66
66
68
66
67
67
70
74
70
70
71
74
66
65
68
65
71
68
67
66
69
69
65
71
69
68
66
67
65
69
67
85
64
98
75
82
74
80
73
76
76
74
75
77
74
76
74
76
70
75
80
80
73
70
76
69
75
72
76
77
69
73
85
67
67
65
78
68
84
112
102
101
86
71
79
104
107
72
77
85
85
148
170
97
99
218
105
103
146
95
107
73
73
147
160
145
99
124
130
116
92
87
76
75
85
87
85
77
87
89
79
75
78
82
84
103
83
80
74
73
100
78
76
76
78
77
83
77
71
81
77
74
83
98
80
77
90
98
82
77
83
84
83
80
77
77
76
77
78
82
99
82
83
78
77
83
77
80
78
74
77
73
77
79
88
77
103
85
75
76
79
72
79
79
94
81
82
71
81
76
81
82
78
80
84
99
76
72
74
77
70
79
70
74
73
75
78
74
71
73
78
70
76
76
73
68
75
77
78
83
111
72
81
68
68
79
68
88
70
99
77
79
75
90
89
86
94
111
93
79
78
85
79
74
78
77
76
69
71
66
68
72
66
68
66
83
80
82
83
77
79
80
80
81
68
74
70
75
74
77
80
75
70
73
72
72
69
66
62
66
71
78
69
68
66
66
70
66
64
73
69
70
69
80
78
78
77
76
77
78
67
69
70
67
61
97
67
62
74
66
76
74
75
68
72
70
61
72
63
73
76
76
76
74
75
67
75
69
69
67
67
67
71
68
74
66
70
75
71
83
69
71
65
71
75
72
99
72
71
67
66
76
69
78
66
67
67
70
65
68
65
67
65
66
66
67
72
68
72
72
66
67
66
66
65
66
75
67
65
71
67
70
68
68
69
66
71
67
67
72
72
68
66
66
70
72
67
102
71
77
70
73
75
71
70
67
70
68
70
65
69
65
70
69
78
66
69
67
66
66
97
68
66
69
69
65
68
66
74
69
72
64
67
70
71
69
67
65
74
81
66
64
66
70
67
69
65
65
71
68
71
65
66
73
67
66
70
70
87
71
71
73
64
67
65
67
73
74
83
93
92
78
72
80
75
73
93
73
71
73
71
74
72
73
74
72
70
76
73
77
98
75
73
71
98
70
72
77
73
71
71
77
73
70
70
94
72
76
68
74
76
73
72
72
65
70
74
67
64
68
82
74
69
75
69
70
73
71
72
72
88
70
63
73
70
80
82
67
71
70
70
68
70
71
76
74
72
72
71
68
74
72
73
66
66
84
75
80
72
84
65
75
71
69
67
87
67
75
69
74
68
69
68
79
77
72
82
86
82
78
68
66
67
62
61
65
64
66
62
96
74
66
67
69
66
71
68
73
86
69
66
70
83
71
63
72
65
101
71
74
67
74
72
67
67
70
73
65
63
70
67
71
69
66
68
78
68
77
67
75
73
76
72
71
70
72
75
67
68
63
66
65
72
70
63
66
75
71
78
73
79
69
73
73
74
62
63
64
67
64
68
81
72
65
67
66
74
69
71
71
72
66
106
73
69
74
68
69
69
62
63
62
78
68
96
101
70
72
73
72
72
65
65
65
67
73
74
75
107
83
87
80
73
72
77
74
67
65
70
64
63
105
75
72
73
73
69
73
69
67
70
106
75
68
111
71
64
63
66
64
63
65
72
65
62
63
65
82
74
67
68
73
76
69
78
73
65
72
67
67
78
68
64
65
76
64
64
66
74
63
66
72
73
68
71
66
62
65
63
62
73
67
71
66
66
