26
30
29
26
31
24
31
29
31
25
31
34
35
24
23
24
33
31
31
23
25
25
25
26
27
67
27
48
33
35
26
30
27
25
29
33
34
30
31
34
43
28
26
25
25
38
37
34
35
28
30
37
37
29
39
38
51
28
58
29
31
29
25
26
33
27
26
24
26
25
25
32
24
25
37
32
29
29
26
27
31
52
27
30
29
32
35
27
32
30
28
25
31
32
32
25
26
26
25
26
28
27
28
34
33
25
25
25
25
24
26
33
31
29
26
25
29
34
25
41
23
32
26
24
26
25
23
42
27
24
28
26
25
31
31
25
26
33
26
33
26
25
26
27
24
27
37
26
31
28
25
24
23
31
26
25
26
28
27
26
23
26
30
29
33
28
33
31
26
26
26
26
24
23
45
25
26
35
27
26
34
34
25
24
24
26
66
33
34
30
47
27
33
32
32
24
32
32
32
30
32
40
30
33
33
35
33
31
32
29
34
38
39
39
30
29
33
41
28
29
29
26
23
23
26
26
23
23
26
25
43
33
25
25
34
26
34
28
26
31
28
26
25
28
25
26
25
26
25
26
27
28
27
31
27
31
27
33
26
25
24
23
25
25
24
25
34
24
24
24
25
28
25
25
23
24
41
24
25
34
32
30
31
32
29
26
27
25
23
27
25
30
24
27
25
23
29
31
25
33
32
31
26
26
27
28
29
28
28
30
32
32
31
31
28
28
30
41
36
32
33
31
32
25
30
25
25
30
24
28
37
32
30
26
29
31
25
25
26
25
27
29
27
25
24
24
25
26
26
24
33
26
26
23
24
24
33
33
30
31
26
27
24
27
25
27
26
24
25
27
32
45
38
32
28
25
27
24
25
27
31
26
28
30
25
24
25
26
32
30
31
25
27
24
25
24
26
27
25
33
29
25
32
33
32
34
28
26
25
29
28
26
24
29
33
26
36
28
30
23
23
24
32
24
27
26
25
23
23
23
41
23
25
30
29
27
28
36
28
27
26
27
28
25
30
28
25
30
34
58
33
24
32
32
24
24
25
32
26
25
34
54
32
30
28
30
36
34
35
28
25
32
35
32
23
23
23
23
24
24
24
33
32
24
24
23
43
36
27
28
25
26
26
27
26
31
27
30
25
30
31
31
31
25
26
27
28
26
26
31
25
25
26
26
27
26
27
26
26
24
25
25
24
26
24
28
28
27
35
32
31
53
31
31
29
28
30
32
31
33
34
24
32
24
26
26
26
25
23
24
27
25
30
29
24
25
24
27
27
32
25
32
30
29
29
29
28
28
28
28
28
25
25
27
26
29
29
27
26
26
28
27
25
25
27
31
27
25
32
32
31
26
36
31
34
26
34
26
27
24
33
32
31
30
32
29
33
30
29
25
32
27
32
30
28
28
28
27
28
28
29
29
28
43
28
35
31
32
54
27
29
28
27
25
34
31
33
31
31
30
24
28
34
26
29
27
25
33
30
26
24
35
25
30
30
28
34
31
30
27
27
31
27
27
26
29
26
28
27
25
23
23
24
24
30
31
27
29
34
32
33
31
32
31
30
25
26
33
31
26
25
24
25
25
27
25
28
25
30
32
26
33
31
31
30
29
29
29
29
34
26
30
24
29
29
31
30
33
30
25
24
24
26
25
30
24
24
24
33
33
33
33
26
33
34
28
25
30
27
26
25
30
27
29
30
31
26
25
28
26
27
27
26
26
30
28
25
31
31
31
27
24
24
24
30
24
29
32
26
26
34
28
34
27
25
25
24
24
25
24
27
34
25
24
28
25
23
29
33
32
34
29
29
26
28
34
28
33
30
38
25
31
26
32
25
23
26
24
29
25
25
25
29
25
24
23
23
27
28
25
24
25
27
25
30
27
30
34
25
30
31
31
28
25
25
25
25
32
34
27
27
31
33
30
30
31
31
27
25
24
25
25
32
33
34
26
23
28
34
23
24
25
24
23
31
30
31
31
25
24
25
29
30
31
31
30
32
24
27
25
24
23
24
24
25
29
33
26
26
28
27
27
30
36
29
30
28
28
28
24
32
23
25
25
33
29
25
24
25
25
24
23
27
27
27
25
24
29
24
23
24
23
23
23
27
26
27
25
23
27
25
24
25
24
25
30
24
33
31
30
24
27
35
29
31
27
32
30
32
29
25
24
23
23
24
24
23
23
25
24
24
34
25
24
26
32
26
24
26
25
24
28
26
27
25
26
25
24
27
28
24
26
33
25
26
24
24
24
23
30
25
27
24
24
33
23
23
23
23
25
