43
42
81
40
42
61
36
39
42
45
35
67
40
44
41
43
41
41
56
43
41
43
37
58
39
43
37
38
43
43
43
45
43
44
42
38
41
34
42
39
41
42
43
40
38
42
39
40
39
42
45
40
44
44
43
44
40
38
39
40
45
41
48
35
35
35
36
37
42
35
42
38
38
38
36
38
41
77
38
38
41
41
45
43
37
38
36
38
39
36
40
36
43
36
52
39
35
44
40
39
143
142
100
71
63
74
104
79
151
67
64
80
70
39
46
63
77
35
68
58
41
37
36
41
35
51
45
35
35
34
33
33
33
34
33
44
35
37
41
37
39
40
34
34
49
36
36
34
37
36
34
34
34
45
44
34
36
37
51
42
35
43
35
35
35
45
37
41
38
36
36
36
37
39
35
36
36
35
37
36
42
82
37
41
40
99
42
46
46
37
44
33
34
43
75
38
51
36
35
43
43
41
41
43
41
50
42
43
92
56
55
43
45
48
47
42
50
46
40
46
36
36
38
37
36
36
50
44
35
41
40
42
38
68
43
41
43
38
42
47
45
39
44
46
46
45
45
38
34
34
36
37
79
42
41
44
56
38
44
41
37
35
35
36
35
35
35
36
36
36
47
49
38
34
34
34
35
35
38
34
37
35
41
45
41
48
42
37
38
38
44
40
39
39
39
38
40
43
36
52
40
42
41
42
34
43
39
41
34
34
34
36
37
37
41
47
34
36
36
35
34
47
43
44
43
41
43
41
39
35
35
35
36
36
34
33
34
34
35
40
38
42
48
38
37
45
36
40
38
37
38
37
39
55
47
39
42
39
37
37
39
38
36
36
40
39
37
43
46
38
39
55
41
43
37
43
44
42
43
34
73
34
44
43
74
44
46
44
41
34
34
33
43
46
44
43
42
53
42
36
36
37
35
40
37
44
33
34
33
43
41
46
43
40
35
45
39
38
34
35
34
35
43
42
36
48
35
43
35
34
35
36
46
43
35
35
36
42
35
34
46
37
37
36
71
37
38
40
42
35
35
38
40
46
37
42
34
42
43
36
35
35
44
40
35
34
36
34
34
34
39
41
38
49
41
44
43
43
45
42
41
37
35
33
34
35
33
34
41
41
35
45
40
49
39
38
51
53
46
44
38
40
43
41
40
39
39
42
41
36
43
43
36
42
38
34
34
36
45
47
66
43
36
38
38
44
38
37
38
36
36
37
47
45
44
37
35
34
42
43
71
44
42
42
38
36
36
37
40
42
39
65
43
44
38
43
48
45
39
52
37
43
38
43
33
41
42
35
34
41
40
35
34
34
38
36
39
37
37
44
36
76
44
36
36
37
40
39
36
41
35
37
40
37
37
43
38
36
39
40
36
37
47
76
44
43
41
42
38
42
43
37
41
46
46
41
44
47
41
43
39
41
43
40
42
44
44
39
43
46
43
44
42
41
38
36
37
43
35
35
37
45
72
45
39
37
35
37
39
38
40
41
39
40
39
38
40
39
36
35
35
36
45
79
38
42
37
43
43
44
43
44
44
37
38
36
34
35
38
36
43
37
37
37
35
43
37
36
35
38
39
37
38
36
36
37
43
35
34
45
42
37
43
66
37
38
39
39
38
37
36
44
46
43
43
37
41
43
38
43
41
39
37
36
37
41
38
40
38
39
37
38
39
49
38
36
37
35
37
35
37
38
37
46
41
37
35
36
36
36
42
42
37
42
37
38
40
42
39
36
42
39
41
42
42
44
47
37
37
37
46
42
45
47
40
37
40
35
34
35
43
36
40
36
41
38
38
45
43
37
38
37
37
36
37
42
37
36
40
39
40
34
33
34
33
33
34
42
41
43
36
35
41
41
41
70
34
39
40
42
59
49
50
43
43
41
41
38
35
35
51
42
37
62
38
36
36
37
38
36
40
35
33
33
33
34
35
39
38
37
36
40
71
42
40
41
40
38
35
41
37
37
42
40
42
40
39
45
41
41
37
40
36
41
40
38
46
39
36
36
39
45
40
44
40
35
34
45
42
49
35
44
64
38
36
37
40
39
36
35
36
38
34
43
39
37
40
38
34
41
36
33
37
36
35
34
42
35
42
40
40
35
48
47
44
42
66
34
33
36
42
42
40
40
40
35
63
44
43
42
37
35
34
34
36
36
34
33
35
35
37
34
34
54
35
39
35
38
34
35
35
34
36
34
37
35
35
36
39
46
44
39
41
46
38
36
36
35
35
34
34
41
40
39
37
36
35
40
37
38
41
40
41
34
39
34
33
34
38
46
