21
9
14
15
11
10
9
9
8
12
9
10
12
11
14
12
27
11
21
16
13
10
12
10
11
15
16
17
12
11
10
11
11
13
11
13
10
10
9
10
10
11
10
10
11
10
9
11
11
9
8
10
13
9
9
9
17
11
9
11
9
15
28
9
9
10
15
12
9
10
9
9
9
15
16
12
9
10
17
10
10
10
8
9
11
10
11
13
16
9
9
11
11
9
9
13
16
9
10
11
13
14
14
12
12
12
13
12
18
16
11
12
12
12
12
14
9
9
9
9
9
18
12
17
11
8
15
16
15
15
9
8
10
9
10
16
12
12
11
9
13
10
9
9
10
11
9
10
10
8
9
11
9
9
9
14
11
10
11
19
11
10
9
10
9
10
10
9
9
9
9
15
9
10
9
10
15
22
15
8
9
9
9
17
10
10
10
9
17
15
9
10
8
9
10
9
45
15
15
12
10
10
11
11
11
16
18
12
9
19
10
12
16
12
21
20
15
17
10
9
9
8
8
9
15
43
10
11
11
9
15
13
14
13
9
13
18
9
9
14
13
14
12
9
11
11
10
10
13
14
12
10
9
11
10
36
12
9
9
9
8
9
9
9
10
10
8
9
9
10
8
9
9
9
9
9
10
10
43
10
10
10
9
10
11
12
18
13
9
9
9
9
11
10
18
29
9
17
15
11
15
17
13
12
9
14
9
9
8
9
10
10
17
9
11
10
10
9
9
9
10
10
9
11
10
9
9
10
10
11
11
10
20
11
9
10
12
16
10
10
10
9
10
11
10
10
9
17
15
14
14
10
10
11
10
9
10
10
10
9
9
10
11
10
10
16
17
16
15
16
17
9
17
39
30
9
9
17
9
10
10
9
9
11
11
13
11
10
10
14
11
12
11
9
8
13
13
10
9
12
11
21
9
10
10
9
10
9
9
21
9
9
10
9
9
10
10
53
21
16
18
10
10
16
17
18
10
16
9
9
9
11
9
9
10
11
12
10
8
12
12
12
9
10
9
13
16
9
9
11
10
9
11
9
12
16
13
10
10
12
9
9
9
9
9
9
9
9
10
9
10
9
9
14
12
14
12
14
12
13
15
14
9
13
12
19
10
11
12
12
20
10
11
17
14
10
13
47
34
9
18
8
9
8
9
9
8
10
9
10
8
9
9
9
9
8
9
9
10
9
9
10
9
9
17
15
18
16
15
10
13
9
10
10
10
10
11
9
10
9
10
11
10
9
11
9
10
9
9
10
9
9
11
8
8
10
11
11
10
13
10
18
16
40
14
18
13
13
12
9
10
17
17
15
9
8
13
9
9
10
9
9
9
9
9
9
9
10
10
10
9
9
10
15
9
9
9
9
12
8
10
12
14
10
10
16
16
11
22
15
15
16
12
9
11
12
10
9
8
9
20
12
15
8
9
9
13
10
13
12
12
11
11
40
17
16
11
9
10
12
10
11
11
10
10
10
9
11
26
18
10
9
9
9
9
10
10
10
10
11
9
11
11
16
17
17
10
18
15
17
16
15
33
10
15
16
15
16
10
9
9
9
9
9
9
10
10
10
10
10
15
9
9
10
9
10
9
10
10
9
9
9
10
11
8
9
9
9
9
9
11
8
9
9
9
10
12
10
10
11
12
10
11
9
12
9
10
9
9
9
9
10
10
9
9
12
11
9
9
10
9
10
10
10
9
10
9
8
10
10
15
9
8
9
9
15
13
10
12
10
12
9
10
10
10
10
10
11
10
12
10
12
12
10
9
10
17
9
9
9
10
10
10
10
11
10
9
10
9
9
9
9
10
10
11
10
19
9
9
9
9
13
12
11
12
10
9
17
16
12
9
9
9
15
14
10
16
16
35
9
9
10
16
9
13
9
12
10
9
11
10
12
13
10
8
16
12
17
15
14
13
15
14
15
17
16
13
13
12
16
12
9
9
9
10
10
10
10
11
11
11
9
10
19
12
9
11
9
9
16
16
10
10
18
10
19
9
15
14
13
8
14
14
12
15
9
10
9
9
10
9
9
9
9
8
10
9
9
9
10
9
9
9
9
9
10
9
10
9
9
9
12
8
9
10
9
11
10
21
17
11
10
10
10
10
9
9
9
10
10
11
10
10
10
12
9
11
10
9
9
10
8
11
14
9
11
9
9
9
10
9
10
10
9
9
9
9
10
8
10
10
9
9
9
10
12
16
16
10
8
10
9
13
11
10
13
15
15
14
9
9
9
16
15
15
9
9
10
18
14
15
17
12
15
9
9
9
10
17
9
