68
53
82
52
99
113
81
67
84
69
69
67
62
58
74
59
67
56
65
69
54
54
50
51
57
54
50
51
49
49
47
47
60
53
78
49
51
54
61
57
50
53
73
52
53
58
56
49
58
56
52
54
59
62
56
53
53
59
54
72
53
47
54
59
55
56
51
56
56
54
56
63
51
53
50
50
53
49
55
52
54
84
58
58
55
49
49
56
57
54
51
45
45
46
54
54
52
68
57
57
47
57
65
76
66
70
49
49
142
95
88
50
66
55
55
55
50
55
49
86
48
48
52
52
51
73
46
47
46
47
48
48
48
49
49
48
48
68
46
45
46
54
48
61
50
83
50
55
56
48
46
61
55
54
49
48
51
47
50
77
46
47
61
51
51
51
63
50
48
46
49
45
50
58
51
50
49
48
61
47
50
49
60
47
60
63
55
57
56
74
57
56
73
50
48
55
50
47
50
49
57
56
56
50
52
50
59
64
50
54
50
51
57
55
55
53
63
51
59
54
53
53
55
58
57
54
53
71
57
63
52
48
56
49
49
52
55
56
49
46
51
48
47
49
51
51
58
52
47
50
63
53
53
51
49
61
60
54
50
51
53
56
50
51
47
52
47
51
52
50
48
53
49
54
52
57
51
55
55
53
59
60
56
57
60
50
61
56
54
61
48
57
51
50
52
47
59
58
49
54
52
48
58
59
57
64
48
48
60
53
51
50
47
47
50
53
48
47
48
49
54
87
57
48
54
51
54
51
61
49
47
48
51
52
50
48
58
77
50
54
51
47
47
48
53
48
51
53
58
49
50
52
52
78
55
55
67
91
60
60
51
48
47
51
58
50
49
59
51
51
60
54
50
49
56
56
48
51
53
55
53
52
46
47
49
60
61
51
49
53
52
51
49
58
51
50
50
47
47
49
53
73
56
54
58
50
52
49
51
51
51
53
49
60
60
55
54
53
51
52
55
57
50
51
61
56
49
48
55
47
51
58
51
54
51
58
55
47
49
57
52
49
57
48
57
47
47
47
47
48
53
54
54
49
46
55
51
50
47
59
47
49
65
62
53
55
51
46
56
52
51
56
52
53
57
48
47
47
51
50
49
52
54
54
52
49
53
49
59
52
52
55
50
51
46
48
54
55
51
56
49
57
55
52
50
51
64
56
58
59
49
47
46
59
58
57
48
70
56
59
55
56
53
48
47
46
48
62
58
49
49
52
46
45
48
50
50
49
52
49
52
52
56
52
54
48
49
52
51
62
52
56
54
50
50
52
58
51
55
51
56
49
49
58
51
49
57
52
59
50
50
63
48
51
46
65
60
50
49
57
53
90
55
50
49
48
55
55
53
58
52
62
57
58
56
50
52
51
54
57
54
56
56
48
47
46
46
47
50
49
48
48
46
66
50
50
50
49
53
59
50
54
53
47
66
56
50
53
48
56
58
47
47
49
58
52
54
51
69
60
55
75
58
61
57
56
56
56
94
59
65
57
54
55
59
55
53
51
50
60
55
48
48
46
52
58
55
56
52
48
59
57
49
51
58
49
49
48
49
50
56
60
55
55
54
56
53
52
57
54
50
49
48
51
52
49
50
51
50
52
56
52
51
50
49
60
50
50
60
50
53
49
50
59
54
51
49
54
49
50
55
50
50
49
49
49
48
57
51
60
49
60
50
50
50
52
52
66
49
48
50
50
50
59
48
47
52
56
47
57
57
49
50
52
58
55
56
52
50
48
48
48
48
57
49
49
53
55
54
58
48
60
49
50
69
49
53
47
56
49
49
50
54
51
47
50
48
49
51
50
52
49
54
50
54
56
50
48
47
46
54
59
69
57
56
57
53
51
56
57
57
48
51
50
55
59
56
48
46
54
54
49
53
54
69
58
55
53
63
60
59
55
56
65
48
62
67
51
50
49
60
65
56
65
95
79
88
81
100
106
118
63
109
176
86
77
80
72
89
78
92
74
65
57
54
54
51
51
58
57
60
53
51
53
54
53
52
53
50
57
49
51
54
52
52
51
50
56
50
53
53
55
52
49
51
50
56
51
54
50
48
47
48
51
61
58
49
51
51
53
55
50
57
48
49
48
46
47
47
49
50
49
50
56
48
58
47
48
49
57
57
51
56
51
52
59
52
49
48
57
49
56
51
51
56
52
50
50
51
56
53
50
51
50
52
53
50
50
52
50
55
56
51
49
56
50
47
47
46
46
48
49
53
52
50
51
51
59
55
51
47
48
58
53
59
53
54
53
61
55
54
57
49
47
58
59
47
57
56
52
