39
111
36
38
58
36
30
29
34
72
74
56
60
47
33
29
66
69
33
60
31
33
31
36
33
35
32
31
40
40
43
40
61
31
32
35
32
41
38
45
30
32
31
30
31
42
67
46
51
45
47
41
40
44
43
38
42
40
37
39
38
38
33
36
35
36
57
35
35
41
30
33
32
32
29
30
32
30
32
35
35
31
59
52
105
201
41
41
43
67
31
30
35
32
39
30
30
32
33
31
53
32
38
36
32
29
28
59
60
82
51
47
61
35
58
58
29
29
28
29
31
37
29
29
31
30
47
43
30
35
35
29
30
35
31
29
29
43
33
31
47
40
45
32
42
46
63
44
40
41
52
39
40
39
55
41
47
47
47
46
34
44
32
31
34
30
39
32
34
32
39
30
31
32
31
30
37
30
30
30
37
41
31
39
30
73
35
31
33
32
40
36
30
56
39
36
38
40
37
60
37
39
42
40
37
46
37
43
38
73
41
54
43
37
43
44
37
37
40
37
37
32
31
29
34
41
40
37
36
32
33
33
33
32
34
44
34
40
39
31
39
44
53
78
36
36
29
39
36
32
30
32
47
42
38
34
31
33
33
41
36
40
30
35
41
41
37
40
33
46
42
38
41
39
34
30
35
37
51
83
38
42
40
38
38
42
34
31
36
35
41
33
34
33
31
41
40
40
39
37
44
40
30
33
38
32
36
37
36
31
34
42
35
41
38
39
34
83
46
39
35
42
35
30
29
31
35
32
38
43
32
32
31
38
34
40
39
30
34
35
38
41
35
30
38
44
31
34
37
48
30
31
50
35
46
43
42
47
36
41
34
37
32
34
47
36
37
35
39
39
52
39
33
42
35
35
44
31
38
52
35
38
36
34
29
33
30
36
29
30
38
38
44
33
32
34
30
40
70
35
44
30
44
35
33
35
48
44
40
39
38
34
45
37
31
32
35
32
36
31
34
39
36
36
31
28
28
37
40
46
59
46
37
32
32
35
35
44
42
33
31
29
34
32
31
31
44
34
33
36
34
32
35
33
36
36
36
33
52
34
36
30
30
37
46
35
35
41
35
40
35
35
36
32
40
34
45
36
33
35
31
32
36
41
33
35
34
34
31
35
47
42
52
49
43
48
46
47
45
44
38
36
33
37
33
30
49
37
37
38
40
36
39
37
33
36
37
39
28
29
30
43
45
45
47
34
42
42
32
35
36
37
38
32
37
30
32
34
33
38
33
33
29
37
35
35
31
35
30
30
31
33
34
36
30
30
31
31
42
31
32
45
43
38
38
33
33
35
43
38
39
39
37
34
34
31
31
36
34
33
69
33
32
31
30
29
36
30
63
40
39
31
36
30
33
29
38
31
30
30
32
35
31
35
35
36
31
31
33
42
40
30
33
31
34
30
31
31
36
31
35
35
32
34
33
32
33
30
37
32
32
30
36
30
31
37
36
33
38
35
40
38
33
33
32
34
33
36
40
33
31
44
35
32
35
33
40
31
30
38
39
38
38
33
36
39
53
40
34
32
33
36
69
35
32
33
39
30
35
36
31
29
37
32
29
33
31
38
32
30
31
32
37
34
40
35
42
32
33
31
33
31
32
31
37
30
34
31
30
30
30
29
30
29
37
38
36
61
31
31
30
32
32
32
33
33
34
37
35
34
33
36
43
36
41
37
45
29
37
31
39
32
31
36
36
37
37
37
37
35
35
30
35
35
32
48
34
35
30
32
31
32
31
31
30
31
38
37
36
33
44
35
34
32
29
31
33
39
34
30
32
35
35
33
30
36
33
33
36
31
33
40
36
39
36
31
35
64
36
39
28
29
39
29
37
33
35
36
34
30
28
27
31
31
30
33
37
29
37
66
37
36
30
36
32
38
36
30
29
42
37
31
29
29
28
40
37
32
31
30
32
30
30
38
29
31
30
29
29
28
30
29
31
42
36
39
31
32
32
27
28
36
61
28
29
28
37
39
40
37
37
30
30
28
28
31
37
36
36
36
28
44
32
30
29
39
38
31
31
37
36
33
37
32
31
30
36
35
38
35
35
43
35
42
33
28
28
29
29
28
29
29
30
41
29
28
34
33
50
29
29
28
28
31
29
36
36
39
28
31
33
35
29
30
34
35
58
28
36
36
41
35
31
58
31
31
30
30
35
37
44
36
31
35
35
40
41
37
39
34
28
29
30
33
32
33
31
43
37
36
37
39
42
39
38
33
29
29
36
37
35
30
29
55
30
35
29
42
31
29
29
29
30
31
30
32
40
32
31
32
