28
24
29
57
29
35
34
31
33
66
44
26
27
28
31
24
26
24
25
24
26
27
29
26
33
25
26
58
32
36
50
27
27
27
23
24
27
24
25
25
31
28
27
24
28
28
26
25
29
26
32
32
26
36
30
25
24
30
28
31
25
25
25
26
29
34
26
25
25
30
23
25
29
26
25
24
25
26
29
26
23
24
24
26
23
28
29
33
25
32
25
24
25
25
26
24
25
26
26
26
32
27
35
65
51
34
26
24
24
52
31
59
26
27
27
26
28
23
23
23
25
31
31
31
25
26
25
26
32
26
26
30
30
28
32
25
24
34
28
25
46
24
23
23
26
25
24
25
26
26
24
24
27
29
30
27
27
30
28
27
24
23
23
24
35
30
25
26
28
26
57
31
32
27
25
30
25
65
31
30
24
25
34
24
30
31
25
33
26
32
27
32
35
29
32
24
31
32
29
28
34
33
31
32
30
32
31
31
28
34
34
27
26
31
26
30
26
45
37
30
34
32
28
35
33
36
34
36
34
31
62
26
33
35
36
24
37
28
34
27
30
26
24
25
25
24
26
24
26
25
28
23
28
24
24
24
26
27
25
30
27
29
28
27
26
29
24
25
24
27
27
25
26
26
25
26
25
27
25
23
25
25
27
25
23
24
25
26
24
24
25
25
25
26
30
25
25
24
24
28
28
26
25
26
23
24
24
24
24
24
24
32
26
26
25
24
35
23
23
27
26
25
25
25
24
24
23
25
26
25
27
27
30
26
35
28
25
25
25
26
28
25
26
26
27
27
25
25
33
37
25
27
27
39
33
26
26
27
27
27
23
27
26
37
27
26
24
24
26
25
25
26
25
32
26
24
25
33
25
25
25
26
25
27
34
34
33
28
27
34
38
31
27
26
25
25
26
27
26
25
31
33
32
32
32
31
24
24
24
29
26
26
29
30
29
30
28
34
34
37
27
31
26
25
29
25
25
24
30
24
47
26
28
26
25
24
24
25
26
26
26
25
30
25
23
26
55
26
26
26
25
25
29
26
25
25
25
26
23
32
28
25
29
30
28
31
29
30
28
26
29
26
24
28
27
26
27
24
23
24
27
26
25
26
25
26
27
25
24
26
26
26
27
27
32
32
30
29
29
30
27
29
32
30
26
30
29
29
32
32
29
28
28
28
27
29
34
24
31
28
26
33
27
25
32
30
26
25
26
31
33
33
27
28
28
28
25
27
25
26
33
29
28
29
34
30
26
26
25
35
35
28
29
34
65
34
32
34
33
30
29
34
30
28
28
23
31
31
32
32
25
32
30
33
32
27
31
28
29
30
36
26
28
31
32
25
32
30
28
24
26
26
30
25
30
28
27
30
61
27
24
25
32
31
35
30
28
28
32
28
32
31
31
31
28
24
35
52
28
28
27
27
33
29
30
31
30
31
33
28
29
25
27
29
32
68
30
31
32
27
27
25
24
26
26
32
27
25
25
25
24
26
25
29
42
25
29
23
25
25
27
26
28
25
25
25
24
24
34
27
24
25
31
28
34
32
41
26
27
28
27
26
25
25
27
30
25
24
24
27
27
27
25
34
25
26
35
27
34
23
23
23
23
23
23
24
24
30
26
24
27
27
28
45
34
31
28
28
26
26
25
33
26
25
24
24
24
24
30
31
31
24
25
24
25
25
23
24
24
24
24
32
25
26
29
25
25
24
25
24
23
24
23
23
38
26
26
31
25
29
26
27
27
28
25
26
28
24
26
25
26
26
33
32
30
31
26
26
27
25
25
26
35
26
27
26
25
32
24
25
25
25
26
24
29
28
27
29
23
30
25
24
24
33
25
24
26
29
26
25
31
29
27
33
33
66
32
27
27
26
25
27
27
25
26
29
26
25
24
25
25
27
25
27
26
33
37
37
27
25
26
30
26
29
27
27
25
26
26
25
25
26
37
31
32
30
33
26
28
31
38
27
27
25
26
26
30
26
25
33
25
26
33
25
38
82
24
25
29
28
24
25
34
33
24
24
24
28
25
25
33
32
25
89
29
28
27
33
29
25
25
24
35
23
23
24
26
23
23
24
23
25
27
25
32
26
24
33
34
32
29
25
33
33
34
30
32
32
33
29
28
52
31
29
27
27
64
34
33
33
34
27
29
26
24
24
28
23
52
34
27
29
26
36
27
24
24
24
24
24
25
24
25
27
24
33
26
27
34
26
33
34
34
26
33
28
32
28
30
27
24
33
32
32
27
30
25
24
25
33
29
29
25
24
30
29
29
30
27
26
