70
75
79
68
74
63
71
88
69
69
72
70
71
73
70
69
69
68
69
69
79
131
80
82
72
72
69
71
69
76
70
69
75
68
71
71
72
77
70
73
74
76
73
77
71
71
74
69
84
76
70
79
72
71
71
93
68
79
73
71
77
71
71
69
76
64
64
88
75
67
64
70
67
66
64
76
65
69
70
64
104
94
117
81
77
125
103
85
85
84
122
84
67
64
63
63
82
65
74
67
120
111
68
76
95
81
159
63
119
71
68
77
67
91
66
85
80
96
87
123
63
66
62
63
68
68
63
70
70
64
64
69
65
70
75
64
67
64
62
63
65
68
66
65
63
70
61
62
70
59
58
70
62
62
59
65
70
60
110
67
62
65
66
68
67
69
64
67
62
63
67
67
65
64
61
64
75
65
66
64
70
63
74
70
73
71
71
90
79
74
97
72
76
71
62
72
63
61
71
70
71
74
71
73
71
79
72
76
77
73
72
70
70
66
65
75
64
68
66
74
73
67
86
71
109
125
66
73
69
65
71
66
83
64
70
66
70
78
83
66
71
68
70
74
65
68
73
72
70
68
106
67
69
66
63
72
66
66
75
72
72
78
68
74
83
106
105
87
111
111
64
64
69
62
75
71
63
76
70
64
63
64
68
63
64
62
64
61
65
67
65
62
67
67
82
73
85
71
72
67
75
76
83
73
73
69
91
66
63
62
72
60
71
74
71
76
78
74
67
73
75
79
70
74
69
62
70
74
64
68
65
65
68
67
70
76
79
79
79
96
70
75
79
73
71
76
72
70
78
69
66
75
74
69
71
66
72
66
79
74
72
68
64
64
73
71
73
64
67
64
64
71
63
72
72
69
71
64
66
69
69
72
73
72
64
88
64
67
62
61
60
67
61
61
73
66
77
71
70
68
65
69
66
66
62
60
61
62
62
73
78
70
63
60
60
61
61
60
61
63
77
68
74
66
76
74
63
68
61
74
69
61
101
72
73
89
77
75
73
69
63
70
66
65
61
60
71
100
79
67
65
64
65
71
71
64
67
73
64
64
69
68
72
64
76
66
65
65
66
63
65
64
72
66
66
67
72
68
67
72
97
70
76
75
78
73
63
62
68
69
70
68
71
72
73
94
78
68
71
67
65
71
103
70
65
76
64
75
72
70
63
70
69
72
76
63
65
68
72
71
65
62
67
64
64
60
65
64
63
64
65
65
64
98
69
63
63
62
63
63
67
64
75
73
67
69
63
60
67
78
63
64
65
71
71
67
67
61
75
74
74
66
62
67
68
65
63
64
64
63
70
70
72
64
69
72
72
104
63
73
88
71
65
66
66
65
63
65
64
71
72
77
76
77
70
75
69
66
67
64
68
70
72
71
63
72
64
64
66
64
64
62
72
68
78
63
68
66
67
67
63
69
63
66
63
66
67
71
74
69
67
66
71
69
67
68
68
70
69
69
67
94
75
67
65
69
68
71
66
71
69
75
75
66
69
66
87
68
64
69
69
69
71
68
73
68
65
70
65
73
69
61
67
64
64
61
63
62
61
65
60
65
71
64
68
68
69
69
70
65
64
68
69
69
68
69
72
70
67
64
70
62
69
72
73
66
68
63
69
71
76
63
69
65
70
66
63
70
66
86
63
69
68
63
68
81
70
72
71
70
67
67
66
70
90
75
71
69
68
67
72
69
67
65
67
69
72
65
66
65
71
65
64
66
65
65
67
65
65
67
66
67
69
65
64
65
71
65
67
67
70
67
67
67
63
67
64
64
66
68
64
71
74
66
64
65
65
67
65
66
69
78
65
64
66
61
65
62
61
68
73
67
99
69
108
71
110
109
99
70
68
89
101
72
73
88
71
96
80
104
72
68
130
65
69
66
69
73
64
84
83
87
103
81
75
84
66
121
106
128
91
69
93
61
64
81
81
66
88
76
66
70
65
81
68
85
110
87
111
71
90
84
67
77
85
82
101
83
78
62
64
75
69
63
65
112
106
100
102
89
72
70
69
74
109
61
72
65
66
68
100
81
75
91
77
80
81
82
74
68
99
116
96
66
65
67
65
64
72
87
82
79
108
76
81
70
66
68
89
112
97
64
63
74
69
74
91
115
75
113
113
69
71
62
87
66
101
65
70
64
71
71
76
67
64
71
69
86
87
76
63
69
123
63
78
99
116
93
110
79
73
68
108
75
66
77
73
70
85
90
74
87
67
70
73
74
94
98
62
63
63
67
69
62
69
88
69
72
67
60
125
88
69
64
63
61
89
72
72
70
