23
40
23
18
20
18
17
24
18
17
22
19
18
19
17
17
18
21
15
20
26
21
19
16
20
22
16
16
16
18
16
16
15
16
16
19
18
17
15
20
17
17
18
16
16
20
16
17
16
16
25
28
19
17
17
18
20
20
20
19
23
22
22
16
19
19
17
15
24
16
17
18
15
19
15
29
19
16
17
16
15
15
15
15
15
71
16
18
18
15
15
15
15
15
15
15
15
15
14
15
16
19
18
24
23
61
15
19
15
25
15
17
26
25
20
54
53
16
41
52
15
18
18
16
22
20
26
17
22
22
20
15
23
23
24
25
15
17
37
17
16
25
24
24
15
27
23
16
15
16
16
15
16
16
17
16
17
16
15
16
16
15
16
16
17
17
17
24
15
15
16
57
16
17
17
23
18
16
15
15
15
27
17
16
19
16
18
24
24
16
16
17
15
24
25
16
23
25
16
16
26
20
26
23
20
24
24
24
25
23
25
24
20
25
17
32
18
17
18
51
23
15
24
21
22
15
21
16
15
17
16
16
15
15
16
28
25
24
19
31
17
16
16
16
21
20
20
19
19
20
17
19
17
19
19
19
17
16
15
15
16
19
16
20
19
18
18
16
15
16
23
23
20
22
17
17
27
21
20
20
19
19
20
15
15
15
18
17
23
21
17
19
20
17
16
24
17
18
26
22
15
20
20
19
21
20
26
15
16
23
24
23
18
23
21
20
21
20
20
19
20
20
16
16
16
21
16
15
15
15
18
16
16
16
21
20
21
18
18
16
16
20
20
19
16
15
20
16
14
21
20
20
17
16
25
16
23
15
21
18
23
19
15
16
18
24
20
20
17
20
16
19
19
18
17
17
15
16
15
15
23
16
15
15
46
18
30
17
16
24
15
17
18
17
17
17
15
18
22
23
17
19
19
20
20
19
18
16
16
18
18
18
15
16
17
21
17
15
23
16
17
16
17
23
17
23
18
18
26
17
17
16
19
18
16
17
18
19
16
15
15
18
15
16
17
15
16
17
21
20
24
17
17
23
18
20
16
18
18
17
17
16
21
16
19
17
15
22
18
20
18
18
19
24
21
18
21
15
17
18
19
21
22
21
24
19
20
19
18
17
20
27
16
18
18
18
18
25
15
15
18
20
57
23
18
18
32
17
17
16
18
17
18
15
16
17
15
16
20
16
15
25
16
16
17
16
23
22
21
16
16
15
17
23
33
19
17
18
16
19
20
22
25
21
19
19
16
26
18
21
22
19
18
24
17
26
22
16
17
15
23
16
16
17
17
17
19
23
17
21
17
16
23
23
23
23
23
17
17
31
24
21
18
21
16
15
15
37
23
22
21
17
15
16
16
16
15
15
20
19
18
15
14
15
16
15
15
16
17
19
16
15
14
17
16
15
16
16
39
15
15
17
20
15
23
17
16
16
22
40
19
18
59
23
23
16
17
18
16
16
15
16
37
16
17
17
22
17
18
17
16
16
15
16
15
23
15
15
16
15
16
24
15
16
17
18
16
16
16
17
16
26
16
18
15
17
16
17
16
18
18
20
20
24
17
25
23
22
16
17
19
17
16
17
19
25
23
16
17
33
19
19
15
16
25
25
18
17
22
22
16
19
19
16
38
17
17
22
15
19
18
17
16
16
15
16
22
20
17
16
17
16
26
18
18
17
18
15
15
15
16
20
16
18
18
17
25
17
24
23
17
17
17
17
15
27
17
15
23
23
18
23
17
17
16
18
19
20
30
17
15
22
23
22
18
16
17
17
18
20
17
15
16
22
22
17
21
25
25
18
18
19
16
15
22
20
22
17
17
17
20
19
23
22
32
17
15
16
17
17
19
20
17
15
16
15
19
15
21
15
17
15
15
15
15
16
16
17
18
16
16
16
21
22
18
16
19
15
16
18
19
16
17
16
15
24
19
23
20
16
16
68
23
17
17
16
17
16
15
15
16
16
15
16
17
16
16
15
17
16
18
18
17
17
15
24
18
23
22
18
18
18
18
28
24
20
17
21
17
19
35
17
23
23
22
22
21
22
19
50
17
17
15
15
16
16
17
16
16
16
16
22
20
21
20
17
15
20
18
17
18
16
16
15
18
17
16
15
16
17
26
17
16
24
17
16
15
22
17
22
23
26
23
24
18
18
20
18
21
22
21
18
19
18
18
17
19
22
23
22
20
22
16
15
16
17
15
16
16
17
19
16
16
17
16
22
54
22
23
22
19
25
21
23
20
17
18
17
16
18
16
20
20
19
20
19
26
20
15
16
