92
87
127
73
103
118
90
79
83
86
115
105
99
70
76
73
100
77
79
77
86
76
81
77
77
83
79
77
83
87
80
75
85
94
84
78
73
72
72
70
87
75
78
64
65
75
78
74
69
69
68
68
69
73
65
64
67
67
69
72
67
64
67
69
65
66
66
65
87
62
72
68
72
68
65
66
69
71
66
72
71
70
69
84
72
67
69
65
74
69
69
72
72
78
63
76
63
71
68
71
70
66
62
70
64
115
70
83
66
73
66
73
71
70
71
78
81
89
78
104
68
70
68
80
66
64
72
66
74
67
67
70
68
69
65
67
66
68
69
66
88
90
90
88
92
83
75
66
90
129
90
79
85
83
83
81
84
90
95
90
69
105
71
64
73
73
72
67
65
83
73
72
72
67
68
79
77
87
83
86
71
73
72
72
70
92
82
79
84
93
81
85
81
71
72
81
70
64
72
71
106
92
95
92
95
83
87
94
89
93
92
84
92
93
108
84
94
114
130
116
64
93
103
129
96
81
66
77
116
80
80
74
69
119
73
67
71
69
71
78
75
80
84
85
92
84
70
73
69
71
73
90
87
79
79
79
82
76
85
87
93
92
92
76
78
85
78
84
77
72
74
64
79
85
77
74
69
78
97
75
68
80
70
76
76
88
83
86
79
74
77
92
93
71
83
83
92
73
84
81
86
88
87
81
71
77
92
80
78
71
130
86
77
86
84
86
84
83
83
81
70
76
83
81
77
84
67
70
76
76
80
81
86
78
75
70
71
73
69
73
75
78
75
76
76
74
86
82
73
90
79
80
78
75
77
76
85
81
70
83
82
76
86
77
67
68
80
87
80
80
71
82
90
86
74
77
79
77
72
80
83
76
79
72
71
67
72
75
74
72
74
82
77
90
75
75
71
68
68
81
87
66
74
95
68
81
81
78
71
74
75
75
74
86
70
101
75
69
66
80
79
74
104
101
87
79
84
89
94
80
79
81
77
79
93
87
83
76
83
82
87
79
69
78
76
72
68
82
76
80
75
74
76
103
91
72
72
79
88
85
75
83
73
80
67
73
69
73
73
68
71
76
88
82
79
82
71
75
71
73
79
78
72
81
81
79
72
75
74
68
84
80
65
87
87
82
78
83
78
73
69
80
71
66
72
77
77
77
77
108
84
75
80
86
92
85
93
92
81
92
79
70
82
73
72
76
73
72
70
70
78
69
66
66
75
81
72
78
83
65
71
65
84
71
70
77
110
68
74
63
77
69
75
76
73
71
74
68
78
70
75
99
80
81
71
68
72
68
78
79
74
75
81
71
69
70
72
66
73
69
72
76
76
78
68
64
76
75
76
72
77
97
70
75
68
77
68
83
65
73
71
80
72
79
74
70
78
76
75
76
78
73
73
76
74
78
71
67
84
68
70
84
81
78
74
72
77
75
74
76
73
74
72
69
73
76
110
72
70
71
70
72
86
85
65
66
67
74
78
77
79
120
88
74
68
65
84
78
69
81
70
78
72
73
73
102
74
71
73
68
85
77
75
79
81
65
80
76
73
71
74
104
73
70
74
70
78
66
74
74
68
68
66
64
75
74
76
68
86
84
73
70
72
71
73
73
77
72
66
69
86
72
81
82
75
75
74
76
68
79
69
73
69
69
70
77
72
93
72
69
71
79
70
94
76
83
74
77
65
70
80
82
75
73
69
78
71
64
78
74
78
80
73
76
75
74
67
71
66
66
66
66
72
74
77
69
76
75
72
68
83
73
74
71
67
71
73
76
76
72
69
76
76
84
83
84
76
75
75
69
73
71
74
72
71
77
76
97
74
70
66
67
65
62
64
64
62
66
74
72
66
63
62
64
67
63
64
67
68
66
67
66
62
65
88
74
76
92
71
70
68
63
64
66
89
69
74
71
70
67
65
73
66
70
68
72
69
80
68
76
65
71
65
66
78
66
71
64
77
87
115
91
82
70
67
68
67
80
74
71
77
92
69
71
67
68
66
66
68
75
69
71
65
70
73
72
62
71
72
64
86
73
70
77
70
68
75
65
66
63
70
88
70
68
62
63
69
65
67
77
64
78
76
63
64
71
72
72
66
72
72
64
73
64
67
72
75
71
67
64
71
64
74
65
70
71
71
74
106
65
64
69
64
64
67
65
69
64
65
65
67
92
73
70
67
69
77
71
72
69
70
70
67
64
67
66
70
75
69
69
65
77
71
70
71
61
71
94
76
71
68
67
72
68
71
73
77
71
71
72
84
75
68
64
70
65
70
72
71
72
