20
20
16
20
21
19
33
34
33
26
20
24
34
33
29
33
34
19
27
22
17
21
22
22
16
28
20
18
21
16
15
16
17
20
22
22
21
17
16
15
17
17
21
19
20
21
22
17
26
15
17
18
17
16
15
15
14
15
15
17
15
15
15
15
15
14
23
21
25
15
15
16
17
23
16
16
15
15
15
15
15
15
16
18
15
17
14
14
15
22
15
15
15
14
15
15
15
15
17
15
17
22
16
27
15
18
21
17
17
15
15
38
28
26
19
49
19
36
28
17
18
16
19
19
17
17
22
26
16
43
15
15
15
15
16
15
24
17
16
15
16
17
18
17
16
16
16
23
21
24
22
15
15
23
16
16
16
15
17
16
23
16
15
17
17
16
19
16
18
15
17
15
25
16
23
16
15
15
25
25
15
15
15
15
15
14
15
22
15
14
15
15
23
18
16
15
21
15
15
24
25
17
17
19
60
26
17
16
16
16
24
20
18
17
16
25
19
26
25
19
17
36
40
26
21
39
19
25
30
18
17
22
35
48
16
18
34
23
45
20
22
24
19
23
23
21
24
63
15
18
16
17
17
22
17
17
16
21
17
23
22
16
17
21
19
19
21
18
17
20
20
16
17
22
20
17
19
17
16
19
17
25
24
17
16
19
19
18
18
27
17
17
17
16
21
27
21
31
16
22
26
20
21
18
17
19
17
16
23
17
16
17
18
16
15
15
18
17
17
16
16
16
18
24
24
24
16
25
20
16
15
27
19
17
18
55
23
24
24
20
24
20
20
17
18
17
16
17
15
16
21
20
27
41
17
25
17
20
19
19
18
16
20
20
22
20
22
17
19
19
18
15
17
23
23
20
20
27
16
20
22
17
16
17
23
17
18
18
17
17
16
16
22
22
17
17
23
17
22
23
23
22
22
76
19
21
19
18
16
17
17
22
16
19
23
16
23
22
17
18
16
20
17
17
23
23
24
17
24
18
17
22
19
20
15
16
25
23
24
23
24
24
23
25
25
24
22
22
22
47
19
16
21
23
24
18
21
21
20
15
15
20
19
19
19
16
19
19
19
18
16
27
18
17
15
15
16
16
49
17
22
24
17
17
17
16
20
20
17
16
17
17
25
19
17
18
18
16
17
16
16
16
16
16
21
22
21
17
20
18
20
21
17
18
17
23
26
22
21
22
26
29
78
21
27
21
17
18
18
18
17
25
17
18
27
19
19
29
17
18
19
19
19
19
17
22
19
21
19
19
21
28
18
19
21
27
20
18
16
17
17
23
19
20
29
17
17
18
19
16
17
17
18
17
25
21
29
18
20
35
25
23
24
16
18
17
25
24
24
25
23
21
22
25
25
24
21
22
21
23
17
17
42
19
18
23
18
19
18
16
17
17
15
16
21
16
21
17
17
22
16
19
16
16
16
16
16
28
64
18
18
17
20
20
18
17
17
18
19
17
17
17
16
17
17
16
17
20
23
23
21
19
17
25
45
17
18
23
18
24
24
26
25
20
21
18
18
17
24
18
17
16
17
24
22
17
21
15
33
25
57
16
18
18
20
24
22
26
21
19
18
17
17
17
17
17
18
21
20
20
20
20
20
43
44
24
24
24
23
19
23
18
21
26
39
16
17
16
15
16
16
16
17
17
16
16
17
16
25
17
20
21
16
19
16
17
16
19
19
16
17
17
17
17
17
16
16
16
19
17
26
22
24
25
23
30
57
17
17
24
24
23
19
17
16
15
16
19
16
18
20
19
15
15
15
19
25
19
22
24
25
54
23
21
20
16
15
16
15
21
19
45
20
20
19
20
17
16
16
16
24
19
17
17
26
20
26
16
17
16
24
23
16
17
18
17
17
17
18
15
18
23
16
24
20
20
23
19
18
24
15
19
19
19
20
24
52
19
21
19
24
23
51
15
21
20
24
21
25
21
24
20
16
21
17
22
16
21
19
25
17
16
20
17
18
20
17
23
22
18
23
17
15
16
20
16
17
19
17
26
17
20
17
18
28
16
16
16
17
18
17
17
20
18
22
16
16
17
16
16
16
17
17
15
16
17
16
15
24
17
17
16
16
16
33
16
14
15
16
18
16
15
16
17
17
17
19
22
17
16
16
16
16
17
15
20
20
18
16
16
16
22
22
30
22
16
22
23
17
18
55
17
16
16
18
19
30
16
16
17
17
18
17
18
23
21
17
17
28
16
22
22
50
17
18
20
19
19
18
23
21
17
25
24
17
24
17
17
24
17
23
17
24
17
23
17
29
25
17
18
