8
8
8
8
7
7
7
16
9
13
14
14
11
8
12
8
8
9
7
8
8
8
8
8
8
8
9
8
7
9
29
13
10
15
15
13
15
8
9
9
8
17
8
8
8
13
12
11
16
11
11
8
13
7
7
11
8
12
8
8
12
8
8
16
9
8
8
8
10
9
11
14
8
9
11
8
7
13
13
14
8
11
25
14
10
10
7
7
9
7
9
8
7
7
7
7
8
11
8
15
8
8
8
12
9
8
7
10
17
14
7
11
13
13
21
40
10
7
8
7
8
13
8
8
10
16
7
8
14
7
12
10
8
7
7
8
7
8
9
9
21
20
20
18
22
19
13
11
11
11
13
13
12
13
32
11
9
12
11
10
10
8
8
7
9
7
8
7
13
10
8
7
8
8
8
11
13
12
9
8
9
11
7
9
8
8
16
14
10
14
12
8
8
8
8
8
14
10
8
15
13
12
12
11
11
10
11
8
9
10
11
11
9
10
9
9
9
16
17
12
10
16
12
10
8
8
8
11
7
8
7
7
10
8
22
8
8
11
8
9
8
8
8
7
12
10
9
8
16
12
18
13
13
11
19
9
9
9
8
9
10
8
7
16
15
16
8
8
14
9
7
9
10
9
10
9
9
8
10
8
10
8
8
7
8
10
7
9
11
8
8
8
10
8
9
7
8
17
9
9
11
10
9
8
8
9
9
18
9
8
9
7
10
14
10
9
9
11
14
45
10
13
14
13
14
15
15
15
13
13
14
14
15
16
26
17
8
9
10
8
10
11
8
9
8
10
11
8
9
9
9
10
8
8
9
10
9
8
11
14
9
8
9
11
9
13
14
15
11
10
9
10
17
9
10
12
9
9
13
14
10
11
10
8
10
9
9
8
29
10
9
7
9
8
9
7
7
20
13
15
9
9
9
10
9
9
10
11
9
9
8
8
10
9
9
9
10
10
10
9
10
13
9
10
17
9
10
7
12
11
8
9
10
11
10
8
9
8
8
8
10
7
8
9
7
9
9
9
9
8
20
11
9
17
10
11
8
7
8
7
7
7
8
8
8
8
8
12
15
8
7
12
8
11
8
10
9
10
12
9
9
10
9
8
9
8
11
12
11
10
8
19
14
10
9
10
12
10
10
12
11
9
8
10
11
9
8
7
11
9
13
13
10
9
9
9
11
11
13
14
15
12
11
8
10
9
17
37
9
9
11
15
9
8
13
15
8
7
14
10
15
15
14
14
17
19
15
8
14
15
15
10
8
17
7
9
10
9
9
10
10
11
8
7
10
10
8
18
18
9
10
11
11
11
9
9
9
11
18
16
10
8
8
9
8
8
11
7
9
8
10
8
10
12
8
10
8
8
11
9
9
8
12
10
7
9
7
10
11
10
12
11
8
9
11
9
16
15
29
18
9
7
8
8
9
9
8
8
8
15
40
8
17
8
7
8
13
15
8
19
15
15
9
8
8
8
9
9
9
7
9
10
9
10
10
12
15
8
8
10
9
9
11
11
9
9
8
9
7
10
14
15
8
8
8
12
9
9
9
9
9
9
9
8
8
13
8
8
10
11
11
9
9
8
9
9
8
9
11
14
8
8
8
8
9
11
8
8
12
8
8
9
8
8
9
8
8
9
13
12
9
7
9
7
8
9
9
11
11
16
15
13
14
14
14
8
8
8
10
9
8
9
9
8
15
11
7
16
8
34
10
15
9
7
7
9
7
9
16
9
8
10
13
14
16
9
14
12
14
15
10
10
9
9
8
10
7
8
11
8
13
8
14
9
8
10
13
11
7
13
8
8
12
15
11
9
11
13
11
19
11
10
11
11
10
12
7
7
6
7
8
6
10
7
9
7
7
7
15
9
8
7
9
9
12
9
7
17
8
8
14
11
13
9
7
8
14
9
8
12
13
8
9
8
14
13
14
12
7
7
8
7
8
7
7
7
7
7
9
8
10
14
7
8
18
13
13
8
15
8
9
10
9
10
8
11
8
9
10
9
10
10
8
7
14
13
7
9
7
8
14
15
9
13
9
10
13
14
13
13
13
15
10
9
10
11
9
10
25
8
7
7
8
10
7
9
8
8
14
14
13
8
7
7
8
8
7
7
11
7
12
8
8
8
7
8
9
10
11
8
9
7
15
14
14
8
13
8
7
8
7
7
7
8
7
12
23
7
8
71
12
7
7
7
7
7
8
8
16
14
12
13
9
8
9
8
7
8
7
8
7
9
8
7
7
7
8
8
7
8
8
7
14
10
13
16
10
11
7
7
