59
108
79
100
94
94
87
94
104
84
55
98
122
88
56
64
55
50
94
104
54
64
62
63
67
60
62
56
66
61
56
63
62
62
59
55
55
58
67
64
63
51
59
62
69
65
59
66
59
59
59
62
74
86
66
63
60
60
60
66
52
61
61
53
61
61
60
61
58
56
53
53
64
54
62
58
52
53
66
55
53
52
52
50
51
53
52
49
51
49
49
52
52
51
52
53
48
55
59
57
102
115
56
53
87
89
67
61
104
65
79
64
79
89
91
57
70
126
62
51
50
54
58
56
52
48
50
51
49
61
57
58
56
58
58
60
53
82
58
59
91
86
75
67
64
83
129
94
103
93
86
90
77
55
63
63
65
56
60
65
60
89
60
57
72
51
51
54
62
55
51
53
53
53
55
59
53
52
52
55
57
51
55
56
54
64
57
57
56
70
63
55
66
60
59
71
64
58
57
59
71
77
77
84
74
68
65
81
86
77
62
64
95
74
65
73
69
67
74
77
73
66
60
58
69
63
85
113
81
89
87
90
54
52
58
62
92
69
59
54
73
60
67
72
57
62
60
57
54
52
51
54
53
59
63
60
54
67
55
54
55
53
63
66
59
50
50
58
61
58
50
50
50
65
55
51
60
77
74
58
69
59
59
66
76
60
75
71
76
70
55
53
57
62
58
60
62
61
52
57
62
70
79
72
72
123
71
54
54
64
53
64
71
65
60
60
73
67
61
62
78
77
62
61
67
58
59
63
65
64
54
57
62
60
56
54
61
57
54
58
60
58
56
59
55
54
63
59
56
58
60
51
50
59
59
56
53
55
65
70
62
61
60
63
68
56
61
72
64
71
78
61
55
60
52
53
54
61
63
60
82
64
58
97
74
60
51
53
70
66
62
60
56
64
52
67
61
69
67
56
59
55
53
64
69
66
70
61
57
60
63
63
79
63
91
68
55
69
67
72
62
68
71
66
68
75
55
65
55
60
92
59
59
63
59
62
54
65
62
58
60
52
52
58
60
68
64
62
58
56
56
54
59
61
60
55
61
57
60
72
71
74
78
64
53
63
62
53
51
58
60
68
60
64
56
54
50
85
60
64
59
57
60
61
58
61
65
59
70
78
81
68
62
55
62
63
60
62
52
54
53
58
82
66
62
60
53
50
62
57
53
51
55
62
58
67
63
52
66
66
60
52
55
51
54
63
83
66
64
64
62
55
62
61
60
55
60
59
66
58
56
62
56
57
56
58
53
57
55
55
61
57
63
54
62
71
54
53
61
55
58
59
55
55
54
51
54
63
61
55
56
97
58
59
65
59
63
55
74
60
53
55
52
62
65
64
61
52
61
63
61
55
54
51
53
62
52
62
61
69
70
63
69
70
65
58
60
62
55
57
68
63
64
96
64
64
96
63
63
65
61
67
56
51
51
64
64
58
58
60
52
53
58
57
53
60
61
55
53
56
55
55
54
55
62
55
53
55
56
54
62
60
62
62
67
57
53
54
57
53
66
59
60
57
59
57
65
53
56
57
59
60
66
54
58
85
72
56
62
58
61
60
55
53
54
59
51
51
63
66
52
65
59
53
55
59
62
67
62
56
59
66
63
54
59
60
68
63
60
59
55
52
56
79
58
52
65
56
60
63
54
59
53
98
63
53
60
57
56
54
56
56
59
61
55
57
66
71
60
60
63
63
57
53
51
59
54
65
56
67
58
58
62
68
64
56
53
60
69
55
67
55
56
56
60
62
66
75
69
80
69
70
62
57
66
64
61
55
61
63
57
54
64
57
54
54
62
58
51
53
54
56
56
73
50
55
51
53
55
55
52
68
58
60
56
63
61
88
51
56
53
52
53
74
58
65
77
65
63
70
68
57
53
55
56
71
54
59
64
58
62
58
62
52
54
49
65
55
59
66
59
54
51
56
52
53
52
66
55
53
50
56
75
50
52
50
56
54
61
63
65
54
58
50
61
97
67
60
50
50
53
57
58
58
62
60
65
54
67
51
50
54
57
52
53
64
88
68
64
63
60
60
53
54
65
63
59
62
53
55
52
57
56
58
56
93
59
52
54
59
64
52
56
61
63
58
58
91
52
52
62
54
53
51
70
52
59
53
55
59
103
59
54
63
52
54
58
62
53
54
51
52
86
121
60
50
60
59
52
56
58
57
49
54
79
68
69
57
60
59
55
54
68
55
58
56
56
51
60
91
60
51
62
53
54
58
53
55
56
61
58
63
83
66
63
61
59
60
64
55
58
67
51
59
78
54
59
51
51
61
