109
125
126
114
103
112
104
109
155
101
103
124
107
145
163
127
197
136
161
125
96
102
104
108
124
114
113
137
115
121
107
108
109
108
111
100
110
99
114
104
112
112
109
115
113
110
116
108
121
109
107
103
104
97
112
105
104
106
99
105
106
121
104
119
104
107
105
101
100
103
106
103
95
105
95
102
102
104
121
96
109
107
103
100
97
98
97
108
100
97
100
101
105
104
109
102
105
103
102
112
101
146
152
114
109
144
95
124
174
111
158
155
166
116
103
151
109
118
95
148
100
99
96
97
106
95
96
95
91
101
103
96
94
103
103
100
98
103
103
97
117
106
104
103
113
108
103
114
108
100
115
103
97
102
105
106
106
104
99
107
98
99
105
97
107
102
99
96
101
92
103
99
104
97
97
96
98
97
103
103
141
118
111
118
118
112
115
117
119
117
116
118
128
117
113
111
149
115
114
119
109
108
111
107
118
109
110
116
107
123
117
124
112
108
110
104
106
106
110
106
108
100
97
104
101
102
156
103
106
102
97
106
104
101
108
110
106
109
96
124
108
108
135
96
99
102
95
94
94
104
103
100
100
94
95
104
101
102
102
102
105
106
109
108
95
101
106
111
107
115
105
104
96
100
99
103
100
99
101
102
102
99
102
106
101
102
100
102
102
100
98
123
124
111
127
98
112
108
112
104
105
116
109
101
102
108
99
107
108
98
105
105
101
107
103
159
150
111
106
102
107
106
101
107
103
107
127
128
108
116
112
111
115
102
111
99
96
95
94
96
100
166
132
112
137
107
98
109
112
112
148
99
117
129
122
126
115
125
110
115
130
106
108
132
114
105
104
96
98
96
213
118
132
119
129
114
127
128
134
158
155
126
135
115
138
120
112
122
146
146
150
143
129
103
107
133
136
106
100
132
168
138
111
121
141
121
124
106
110
109
109
115
111
109
113
109
101
108
112
112
128
116
105
108
111
103
103
116
109
117
106
109
121
112
107
121
108
106
113
120
135
129
113
118
139
131
139
130
126
108
110
103
112
103
118
110
117
105
100
111
103
98
142
111
109
111
108
102
100
95
100
106
100
101
102
98
96
106
103
96
98
104
107
106
105
94
108
95
116
106
111
106
108
108
112
108
101
100
109
126
103
97
97
108
105
106
101
112
110
109
105
106
108
106
106
108
103
106
133
106
103
107
109
112
106
106
103
98
105
103
100
108
104
100
99
106
100
106
101
102
99
100
98
100
133
106
103
106
105
104
107
105
103
105
106
105
102
128
109
106
99
97
97
99
100
101
98
133
146
109
134
112
112
125
113
123
127
105
108
101
102
99
98
99
100
94
95
102
102
104
99
106
106
103
101
103
105
109
107
108
105
108
105
108
101
110
105
105
105
107
108
106
110
132
102
98
104
99
97
100
105
105
125
104
105
103
95
94
92
96
94
97
103
105
104
127
98
98
100
97
106
105
112
102
96
100
94
101
130
94
98
98
101
96
102
101
96
99
96
107
100
129
109
105
107
107
105
107
103
107
106
109
111
112
124
113
109
112
105
108
106
107
104
101
99
101
107
108
104
98
97
97
96
98
100
99
99
99
99
97
102
99
101
98
102
100
100
98
101
99
99
106
104
136
109
109
107
100
105
106
105
105
103
123
108
98
129
103
106
104
106
103
108
110
108
103
105
105
103
102
100
103
107
102
105
103
109
117
105
102
103
106
129
104
103
103
107
101
97
99
114
105
98
96
100
113
103
104
103
106
116
109
108
110
107
107
106
104
131
108
106
104
99
104
101
104
108
106
103
103
106
112
96
104
104
103
102
109
100
105
104
96
104
110
103
101
113
107
104
99
99
95
97
97
97
102
109
98
98
103
98
103
95
92
97
97
106
98
102
102
99
108
100
103
95
105
101
95
110
101
107
109
103
105
100
93
104
99
104
99
106
94
93
94
104
99
96
105
101
100
104
108
104
96
92
92
92
103
105
99
105
99
97
99
97
96
100
96
99
97
97
123
98
96
96
97
100
107
114
102
103
103
111
106
118
104
103
111
103
95
104
104
106
106
101
101
101
98
101
103
99
96
100
100
99
96
98
96
97
97
107
96
102
103
103
100
102
100
96
100
103
101
98
123
119
101
99
100
96
112
111
104
104
97
101
101
125
102
102
102
98
98
98
99
101
102
102
100
98
100
99
98
102
101
101
101
101
95
101
102
119
97
104
101
97
101
100
103
106
96
102
96
104
97
100
97
118
102
97
102
95
103
100
101
96
105
98
105
96
121
