152
116
188
169
110
99
99
96
130
106
112
106
103
115
100
106
136
97
127
152
111
101
101
103
98
110
108
115
137
107
117
110
101
108
106
101
101
109
103
103
101
102
104
103
108
109
113
105
106
103
100
106
100
104
107
110
110
114
105
107
97
101
105
106
103
102
103
106
103
111
99
102
102
104
108
99
101
103
103
101
163
166
188
100
94
127
94
118
119
104
107
104
99
98
104
103
104
100
109
105
151
131
108
174
108
110
129
125
96
92
103
148
97
102
175
161
169
115
97
95
98
105
97
104
95
95
99
103
100
106
95
96
95
102
101
106
100
98
96
97
166
161
162
124
109
119
118
108
115
104
111
141
105
106
99
112
117
106
107
105
106
106
102
104
97
97
97
98
103
93
95
106
100
103
99
109
99
98
97
102
122
147
112
107
106
105
111
112
117
122
116
102
98
107
104
115
111
118
102
104
102
105
110
103
113
108
115
106
107
108
106
108
114
106
110
107
107
111
108
99
101
101
96
101
97
108
101
102
101
106
98
108
102
102
95
102
114
114
110
104
105
136
108
105
105
107
105
132
104
101
107
105
95
104
99
98
101
101
98
100
100
99
97
108
110
107
108
104
101
99
104
97
96
95
100
102
99
106
99
97
106
99
116
116
132
101
104
110
106
129
100
105
99
110
101
98
101
105
100
106
106
108
98
99
103
121
106
113
111
101
112
108
112
99
100
106
112
98
114
106
101
102
106
99
108
107
101
110
107
108
109
105
101
108
105
110
122
115
105
109
106
106
103
105
104
102
100
101
106
100
105
105
101
97
95
96
94
103
108
102
105
102
99
105
98
100
106
105
107
105
99
101
109
112
108
102
102
98
95
100
100
99
102
104
103
100
108
100
118
117
110
107
103
108
101
121
120
114
110
106
105
105
109
125
136
137
123
119
116
122
115
102
107
103
107
102
104
100
99
105
101
107
96
113
110
108
106
106
129
115
108
115
112
109
114
95
99
107
107
106
104
108
107
108
125
106
118
114
124
129
110
138
112
110
104
106
105
118
112
98
95
107
96
97
107
133
153
121
102
94
109
105
108
105
113
104
104
94
101
105
105
102
99
100
104
103
101
98
98
101
93
131
100
105
102
112
107
94
106
94
136
103
103
106
109
102
106
104
104
103
106
110
103
107
100
120
127
101
107
103
97
103
96
105
96
105
102
104
96
105
104
128
101
105
105
104
104
104
103
102
97
104
104
106
105
106
121
104
103
99
101
97
100
100
96
102
99
99
98
97
98
99
102
98
100
97
96
102
98
95
97
97
106
104
105
107
105
119
103
100
103
100
102
101
98
97
103
121
110
117
103
102
111
103
98
102
98
97
98
97
96
98
101
107
103
104
102
103
105
107
108
110
104
99
109
106
100
106
99
97
104
106
94
106
108
102
100
99
105
100
104
102
104
105
97
102
102
100
103
100
106
107
100
100
109
100
100
99
106
98
99
102
108
100
96
103
100
105
105
109
105
105
101
103
97
100
100
104
102
99
97
104
99
103
101
102
97
101
107
109
110
105
105
101
96
102
105
101
103
98
98
99
123
94
94
99
104
99
108
97
105
98
108
97
99
104
105
103
105
108
116
109
109
107
105
99
101
97
97
103
103
101
115
102
100
100
101
103
112
110
102
103
100
100
97
93
105
103
103
96
103
103
94
104
103
119
94
101
97
101
98
96
104
96
94
105
103
97
108
103
102
98
104
98
95
103
99
98
101
96
100
98
102
125
106
105
103
99
96
101
98
99
97
96
100
97
97
105
97
100
106
102
98
97
98
94
99
100
98
96
152
151
141
110
108
129
127
110
104
115
119
105
112
112
101
101
109
102
106
104
98
104
97
101
112
105
102
103
103
99
104
100
107
115
103
100
105
106
100
101
98
107
107
108
120
136
106
100
100
109
130
105
104
100
101
94
131
100
94
124
94
113
106
96
93
107
107
117
101
107
113
111
148
113
109
99
99
106
105
98
102
99
98
103
107
107
105
103
99
112
102
100
99
100
102
103
102
100
103
111
105
98
105
102
102
102
106
103
102
101
107
100
111
111
101
104
97
101
102
107
106
112
111
122
150
110
120
103
110
105
107
102
101
100
101
106
103
100
134
111
101
114
99
111
103
101
106
100
98
101
101
102
101
103
102
108
114
105
107
100
123
103
103
109
128
109
97
114
110
104
102
96
96
95
95
101
101
103
112
104
99
94
100
104
102
99
103
99
98
106
104
112
100
98
96
99
113
118
108
107
