19
18
33
17
22
16
52
30
16
25
20
24
52
42
25
22
27
48
47
18
15
16
20
20
17
17
18
17
18
17
16
16
16
17
17
24
55
26
25
24
27
24
17
17
22
20
21
21
17
19
19
19
24
24
21
17
17
25
21
17
17
16
18
22
16
17
24
17
17
16
17
17
16
18
21
18
17
18
16
16
16
16
15
16
17
20
15
16
28
16
16
16
25
16
17
16
16
17
22
15
19
15
16
21
22
22
18
33
41
22
18
21
14
15
22
17
16
14
16
17
16
16
16
16
16
16
23
25
18
15
19
17
21
16
18
15
16
54
24
23
17
16
15
15
14
15
18
22
17
15
15
15
16
16
16
21
17
15
28
16
18
17
15
15
14
15
17
16
22
22
17
15
46
15
34
19
19
23
15
24
22
15
16
17
17
15
20
49
22
20
16
22
16
22
22
21
21
19
19
24
16
16
16
22
25
26
20
18
18
23
20
21
19
19
18
20
17
18
18
20
16
17
15
24
16
18
22
22
24
14
15
22
17
32
22
15
20
20
16
20
15
16
19
16
25
17
18
17
17
16
16
16
17
21
21
16
17
15
17
15
22
23
22
16
20
25
15
21
26
15
18
18
16
16
17
17
17
19
17
17
19
20
24
22
16
23
17
17
16
17
16
17
25
15
16
15
16
16
19
18
19
25
22
23
22
16
24
21
16
16
24
22
19
23
20
18
19
16
16
15
23
27
21
25
24
23
23
22
22
22
22
23
22
23
22
16
29
57
20
24
20
29
19
21
29
24
19
16
16
21
19
16
22
23
20
22
15
17
19
20
19
15
15
17
19
21
16
18
17
19
26
27
16
46
23
19
16
19
26
24
17
21
19
16
18
16
15
15
16
17
16
16
16
17
21
20
20
30
16
19
20
18
21
16
21
19
20
15
16
37
23
52
16
17
16
18
17
18
17
16
15
18
17
34
25
25
16
16
19
16
15
20
33
24
22
18
22
19
17
25
25
17
23
16
18
16
15
16
15
29
25
16
17
17
17
17
15
15
26
24
16
18
17
27
23
23
23
22
16
17
16
17
16
17
23
33
15
17
16
16
22
15
24
18
23
17
21
18
16
16
19
16
16
18
16
17
17
16
17
22
17
18
18
25
18
17
21
16
24
18
23
22
19
20
23
16
49
17
24
23
23
23
28
17
16
17
17
17
15
25
48
22
22
23
23
21
18
16
17
16
17
17
17
17
16
20
16
20
30
18
18
21
16
21
19
32
22
24
16
17
16
18
24
17
22
22
22
23
17
17
16
16
16
17
29
22
15
17
21
17
17
17
24
17
23
23
18
16
19
16
16
16
16
22
16
17
17
16
15
16
20
23
16
16
21
23
58
23
22
24
16
15
17
17
24
22
16
22
15
15
24
16
15
16
24
23
24
23
38
17
16
16
22
19
16
17
17
16
16
24
24
24
16
17
17
17
26
16
24
15
22
22
16
16
17
23
18
16
18
20
17
25
23
19
16
25
25
22
17
19
17
29
15
25
23
16
17
19
21
18
17
18
29
19
17
21
18
17
16
17
17
24
20
18
18
18
24
16
19
19
18
18
17
17
21
16
18
16
18
41
25
16
17
21
17
16
17
22
22
25
16
16
23
22
22
19
15
15
24
22
16
15
16
18
25
36
18
47
15
15
23
26
23
17
20
16
15
17
15
16
18
16
20
18
16
16
15
18
16
17
24
23
38
19
25
17
26
17
18
15
16
20
15
17
23
22
16
15
17
20
22
22
23
21
17
16
22
17
21
31
19
16
22
19
16
16
16
17
19
17
19
23
15
15
15
16
22
16
15
17
27
36
23
16
16
22
21
21
21
20
17
15
19
20
19
23
21
23
18
23
16
23
22
24
19
22
39
18
26
22
28
29
19
19
18
19
19
24
23
28
21
20
22
15
22
19
18
18
18
24
21
18
18
24
47
20
19
26
25
27
19
31
18
17
21
22
22
16
22
22
25
24
22
23
22
27
16
16
17
30
17
17
23
24
22
26
15
16
22
16
16
17
16
28
22
22
22
15
23
74
16
25
24
18
17
23
16
15
15
22
17
22
24
58
18
22
23
19
16
17
19
27
36
18
16
17
23
19
16
19
16
23
24
20
18
16
17
41
18
16
22
24
31
23
25
24
45
26
26
25
16
16
16
23
51
16
16
16
24
16
18
17
18
23
16
16
16
24
24
16
20
27
28
20
17
48
25
17
18
18
17
17
17
17
15
24
24
16
19
25
