6
4
4
6
4
9
4
4
7
4
4
5
14
7
9
4
5
4
12
4
4
4
4
4
4
5
4
6
6
4
7
5
7
4
4
4
4
4
4
4
4
3
4
4
3
4
6
6
4
4
5
4
4
4
8
4
4
4
10
4
5
4
4
4
4
4
4
4
4
4
4
3
4
4
4
10
4
4
8
36
4
4
4
4
4
3
4
4
3
3
4
5
4
8
11
4
4
4
4
5
4
5
5
4
15
5
4
13
10
5
4
4
5
18
10
4
4
5
7
4
5
5
5
3
3
4
6
6
6
6
5
4
4
4
4
4
5
4
4
4
4
4
4
4
4
4
4
3
4
5
4
4
8
4
4
5
4
4
4
4
4
4
4
4
4
7
4
16
7
3
12
5
4
3
4
3
4
4
5
8
5
6
7
4
4
4
8
7
5
4
4
5
5
5
5
4
4
3
7
4
4
4
3
4
4
5
5
5
4
4
4
5
5
6
24
5
4
4
4
5
5
4
6
4
4
4
60
4
7
14
4
39
5
5
5
4
4
4
6
8
7
4
4
3
4
4
6
6
4
5
4
6
5
4
6
6
5
4
4
5
4
4
5
4
5
4
6
14
16
4
4
4
7
5
4
6
4
4
4
5
5
4
4
4
5
4
4
4
4
4
6
3
4
5
5
4
5
7
6
4
6
8
4
5
4
4
4
4
4
4
3
4
4
4
11
5
3
4
4
4
4
5
4
4
4
5
4
7
4
5
7
11
4
4
4
4
4
7
7
5
7
5
5
4
4
4
5
4
4
5
6
4
5
3
4
4
5
4
5
4
5
5
6
4
4
5
4
4
4
4
4
4
4
4
4
5
5
4
4
6
5
4
5
5
6
4
4
4
4
5
4
4
4
4
4
5
5
4
4
3
4
4
3
5
4
4
4
5
6
5
4
3
4
4
7
4
4
4
4
4
4
4
5
5
6
4
4
5
4
3
4
4
4
4
4
4
4
4
4
6
4
5
4
5
4
4
3
4
4
5
6
6
4
4
4
4
4
4
4
4
5
5
4
4
7
4
4
4
4
4
6
7
4
4
4
4
5
4
5
4
5
4
4
4
4
4
5
5
4
4
8
5
4
11
5
4
4
5
4
4
4
4
4
5
4
5
5
4
4
8
4
4
4
6
5
4
8
6
5
18
4
4
5
4
6
8
4
4
5
8
6
4
5
4
4
5
23
6
4
4
5
4
4
4
4
4
4
4
3
8
4
4
4
7
3
4
6
4
4
4
4
4
4
3
5
5
4
4
4
4
5
4
5
5
5
5
4
5
11
3
26
6
4
5
6
4
5
4
5
5
4
4
4
4
7
4
4
5
9
5
5
4
5
8
4
5
4
4
4
13
5
4
5
4
4
4
4
5
5
3
4
4
4
4
4
4
5
4
5
4
7
4
5
3
5
4
4
4
3
4
4
4
6
4
4
5
5
5
5
4
4
5
4
4
3
5
5
4
5
5
4
4
5
7
6
5
4
4
4
4
5
4
4
5
4
4
4
4
4
4
4
5
4
5
8
16
4
4
7
3
4
3
4
4
5
4
5
4
4
5
4
4
4
4
6
5
4
4
9
5
4
4
4
10
4
5
4
4
5
5
6
4
22
4
4
5
4
4
5
4
4
5
4
5
4
4
5
4
4
4
5
4
4
5
4
5
3
4
4
4
5
4
4
4
4
4
4
5
4
4
11
5
5
4
3
4
4
4
4
4
5
5
4
25
5
4
6
6
5
6
5
5
5
5
4
5
5
4
4
6
4
4
4
4
4
4
4
4
4
5
4
4
4
4
4
5
4
4
7
9
5
57
4
4
10
5
5
4
3
4
5
4
4
4
5
4
5
4
3
5
4
4
8
4
4
8
4
4
4
4
4
4
5
4
5
4
7
5
7
6
4
4
5
4
5
4
6
4
4
4
4
5
10
4
6
4
4
6
4
4
4
4
4
9
5
4
4
6
6
5
4
4
4
4
4
5
4
4
6
5
5
4
6
4
4
4
4
7
4
4
5
5
4
5
4
5
4
4
4
10
4
5
9
9
5
4
4
4
4
4
4
4
4
4
4
4
4
5
4
4
5
7
5
4
4
6
5
4
5
4
6
6
4
3
4
4
6
4
6
6
5
4
5
5
5
9
4
5
3
5
5
4
4
3
8
4
4
4
4
4
4
5
5
5
5
4
4
5
4
5
3
8
6
4
4
4
5
5
9
4
4
4
6
4
4
4
4
4
4
4
