23
26
24
18
23
23
17
19
45
16
18
32
29
19
20
20
61
46
21
30
16
20
20
20
19
19
21
17
17
21
23
18
18
17
16
16
17
29
20
24
22
20
21
20
19
18
16
18
21
19
18
17
17
17
21
17
16
18
21
22
17
16
16
19
25
23
25
18
17
16
16
16
15
15
51
19
18
17
18
54
42
31
16
18
41
20
33
16
31
26
21
64
28
40
19
41
28
17
18
18
26
17
37
50
25
17
25
17
16
22
21
31
22
27
30
44
23
16
17
15
16
22
21
21
22
15
15
16
16
17
18
17
16
16
15
26
17
16
17
21
16
15
15
16
15
15
21
21
15
17
15
15
15
16
22
22
15
38
60
14
23
21
21
16
19
15
20
19
22
15
16
16
20
19
19
17
20
22
18
19
16
22
49
20
16
16
17
15
15
28
16
20
19
19
18
19
16
16
16
23
17
18
17
16
17
21
23
21
18
19
21
17
25
18
20
20
18
18
21
17
15
16
16
16
16
15
15
14
21
22
26
17
16
16
22
23
25
23
16
25
19
21
21
18
20
22
20
18
21
17
17
20
17
19
16
18
25
17
17
16
16
16
16
19
21
19
28
18
18
18
16
16
16
16
16
24
19
17
27
17
22
15
19
25
18
16
16
15
16
23
16
22
59
21
21
22
17
15
16
15
16
16
17
19
20
18
19
17
16
18
21
16
15
17
16
15
15
20
17
17
17
17
22
22
21
21
15
16
16
16
17
15
17
16
16
16
17
22
22
17
23
18
15
19
17
19
20
16
20
18
16
18
21
17
16
25
17
16
15
17
17
17
17
16
15
15
15
15
16
18
15
20
17
19
20
18
18
19
16
16
15
16
21
15
22
22
16
21
16
18
15
14
21
48
23
16
22
47
21
21
17
17
18
17
15
16
16
19
19
18
21
21
20
16
23
16
16
16
17
17
16
16
24
16
16
17
28
24
16
20
18
31
17
16
20
26
15
16
16
15
17
19
19
17
19
19
16
17
27
17
18
15
15
22
18
16
15
23
15
15
15
21
24
21
20
21
21
23
17
15
15
16
15
22
21
16
17
16
17
16
19
25
18
18
16
17
16
59
22
20
22
22
26
20
17
16
25
23
18
20
23
21
17
20
16
17
18
20
22
22
17
17
21
22
17
16
17
16
16
16
24
72
22
17
22
21
23
22
25
25
24
17
16
17
17
16
17
16
17
16
18
18
16
15
17
16
15
31
21
16
16
16
15
17
16
15
25
23
18
24
16
17
16
24
16
16
16
23
16
16
19
17
16
16
15
34
22
22
16
17
19
16
20
20
17
17
19
17
16
18
15
14
16
15
15
16
15
16
15
16
15
18
16
21
15
16
25
22
22
22
21
17
23
19
22
21
16
16
24
15
17
17
16
16
20
16
17
16
20
17
15
40
16
16
17
17
17
16
16
17
16
15
16
22
23
16
18
17
16
17
19
16
16
15
28
22
16
19
17
19
17
17
22
18
17
17
23
17
21
19
20
16
22
23
23
16
17
24
17
18
17
51
24
22
17
23
15
17
20
21
18
20
18
24
16
47
17
16
16
16
19
16
17
16
21
22
19
19
20
20
16
17
37
15
17
16
16
16
19
24
25
16
22
22
17
22
17
18
21
21
19
17
15
17
28
23
23
19
19
24
25
22
16
17
16
18
19
17
26
25
23
17
16
19
17
17
54
22
18
16
17
16
16
17
16
25
20
19
17
19
16
17
22
19
17
18
17
20
15
17
16
19
17
17
17
19
16
16
18
15
17
20
16
17
20
16
17
17
15
16
16
20
16
17
23
16
50
31
28
31
21
40
54
56
30
15
17
16
22
20
23
22
17
15
20
18
26
17
17
17
17
17
31
20
22
23
22
31
25
17
16
28
18
16
16
16
17
17
16
16
24
16
17
43
17
28
35
28
29
28
22
56
23
23
22
20
20
17
16
19
22
17
16
16
15
16
21
16
16
25
22
21
16
15
15
24
16
16
16
16
15
15
19
25
17
24
17
16
15
15
18
16
27
22
16
17
15
16
18
17
23
16
17
18
18
16
15
15
17
24
16
18
17
16
18
17
17
21
16
15
17
15
15
19
20
19
21
28
25
20
20
17
21
16
25
22
24
23
16
15
22
16
24
16
16
15
16
18
17
17
16
16
18
17
16
17
24
16
16
17
16
17
19
25
25
17
23
16
16
15
19
21
19
15
19
19
17
20
17
18
25
20
20
16
18
22
16
18
18
16
