43
43
42
44
41
41
37
43
39
35
34
34
39
42
43
47
39
73
43
41
59
37
39
37
37
38
35
36
45
46
43
40
85
47
43
47
43
37
43
40
42
40
41
48
47
46
46
40
40
41
44
77
38
37
43
39
40
38
36
40
43
42
45
41
39
38
36
36
60
43
44
43
42
43
36
43
38
42
50
39
35
37
36
34
38
37
39
41
35
35
33
33
40
54
36
41
39
40
41
35
35
45
40
33
39
41
47
34
39
34
40
40
34
41
39
39
35
44
35
42
37
37
33
36
33
33
33
42
42
39
42
38
43
39
40
39
37
40
39
39
48
33
33
42
35
41
41
43
37
35
35
42
39
40
54
37
38
38
43
41
43
35
34
43
35
35
37
39
47
42
37
36
43
41
37
42
42
37
42
36
47
63
49
47
47
39
35
35
43
41
42
41
35
43
43
40
63
43
43
43
39
39
39
39
58
50
49
39
39
51
49
41
52
40
39
38
37
46
40
44
77
36
38
42
38
44
35
46
42
34
36
38
40
36
36
41
37
35
33
40
45
45
37
38
67
42
42
41
38
35
34
49
35
37
39
37
37
39
38
38
37
43
40
40
37
35
36
36
48
49
37
55
41
37
39
40
36
35
44
42
38
36
39
36
36
38
48
36
36
37
37
39
37
35
37
44
37
42
37
34
34
38
35
34
45
46
46
40
43
43
43
46
40
43
46
35
36
40
39
37
50
35
37
44
38
36
38
40
38
46
38
46
43
41
36
38
35
35
34
43
37
37
36
44
42
41
41
41
44
48
41
36
40
41
40
50
36
53
37
37
38
36
34
34
40
35
33
36
36
34
34
44
82
46
40
38
39
35
37
38
38
39
39
45
34
34
69
42
37
47
40
35
39
40
37
37
36
39
35
41
37
39
39
36
36
43
95
44
44
43
39
39
53
51
43
44
44
39
40
40
44
37
40
39
45
46
43
39
39
37
39
37
36
37
37
37
37
40
38
45
40
43
40
39
46
37
40
46
38
36
40
37
36
36
37
35
48
62
36
38
36
38
39
34
40
38
40
39
43
41
40
40
37
35
34
34
34
36
35
38
44
36
56
43
39
44
42
73
38
35
54
43
37
45
38
48
36
39
46
35
40
40
35
36
45
38
34
53
45
39
38
37
54
36
38
46
44
35
35
45
107
37
37
39
47
44
45
42
43
38
38
39
38
45
37
36
37
42
39
37
36
43
37
68
36
39
44
44
36
37
41
37
37
39
44
44
42
50
42
71
50
43
37
40
45
43
44
36
43
41
37
45
46
54
37
48
40
39
43
36
44
44
37
40
38
38
44
46
37
37
40
40
45
50
48
38
38
40
36
36
38
50
41
39
37
36
38
36
41
46
45
52
45
36
49
44
44
48
45
44
36
38
44
47
61
44
37
41
38
36
42
41
36
37
37
46
40
38
38
37
43
68
39
44
43
46
47
35
34
35
35
44
35
34
34
35
49
76
37
37
38
46
34
34
43
37
39
38
63
39
43
38
38
51
44
41
37
42
39
39
45
43
42
43
43
36
50
51
49
51
46
43
41
41
55
50
49
48
47
43
48
49
46
48
50
44
63
46
42
45
39
39
45
42
43
42
39
39
36
35
34
40
82
46
41
36
40
37
37
38
37
37
41
39
38
40
39
52
85
53
85
60
49
84
39
39
40
38
37
38
36
40
41
50
90
119
67
48
42
41
38
57
48
51
48
39
38
36
35
35
35
34
41
41
39
42
39
38
50
49
35
42
43
39
48
38
40
46
38
37
45
56
46
40
44
42
39
42
38
42
52
42
40
41
41
44
37
36
36
36
40
51
45
42
38
81
38
39
38
47
37
39
38
38
51
44
37
37
38
70
44
47
37
35
36
37
38
46
46
40
42
40
42
39
44
43
46
39
37
43
45
43
36
36
37
36
45
40
45
52
48
45
54
41
50
45
37
47
47
48
49
40
45
47
37
53
46
59
38
51
36
38
35
45
69
41
37
42
42
47
42
37
36
37
48
38
37
75
45
41
46
34
35
35
41
37
43
41
42
45
50
40
45
43
42
45
36
46
40
38
37
51
42
45
44
46
66
36
35
46
46
52
41
54
48
40
52
46
50
49
43
53
43
40
39
39
36
38
38
45
43
41
38
41
36
56
44
37
40
40
40
37
36
44
36
41
38
46
36
45
40
39
38
37
50
38
39
37
46
35
35
39
40
53
47
40
45
37
38
35
36
43
37
44
40
40
36
45
45
40
