89
64
60
47
55
47
57
69
47
58
32
32
32
28
39
51
38
80
31
46
40
48
39
49
53
49
41
44
42
51
49
42
46
43
41
39
45
81
48
39
52
78
44
50
41
43
44
50
47
49
46
38
37
42
37
34
84
50
44
88
38
37
40
30
30
36
30
28
36
32
34
28
27
27
27
28
29
28
27
29
40
42
39
38
44
46
43
39
44
38
42
47
37
33
33
38
34
35
38
36
28
28
29
29
28
45
35
35
42
61
34
29
29
30
37
35
29
30
42
38
30
31
30
30
29
31
32
42
32
41
39
51
30
29
31
31
28
31
31
30
30
30
31
33
39
32
38
44
31
31
30
36
32
29
31
29
36
29
30
31
34
30
53
37
35
30
37
35
32
42
33
32
30
28
29
29
33
35
32
37
33
35
32
32
31
32
31
32
33
34
52
45
35
35
42
39
38
33
33
32
41
34
43
34
32
31
53
32
33
33
32
35
34
31
35
33
31
30
34
33
39
33
30
37
31
36
33
30
31
33
30
29
32
32
46
30
33
38
39
41
34
32
33
41
35
39
40
32
34
38
34
35
34
40
37
37
32
38
41
39
35
42
37
42
40
43
37
40
44
42
40
39
43
34
35
31
32
34
34
32
30
31
31
41
34
30
29
29
35
31
36
31
33
39
31
34
32
36
31
33
31
32
31
31
29
31
32
28
29
30
30
31
29
29
30
28
32
29
40
33
34
35
29
34
35
34
33
38
37
33
37
37
75
38
39
40
37
45
40
39
38
38
47
63
30
40
34
39
29
41
38
42
31
40
33
39
38
36
36
33
35
31
30
30
38
31
33
39
46
39
46
30
38
39
40
38
32
33
38
30
30
29
35
31
31
31
31
32
32
30
32
29
30
29
31
46
31
30
32
31
30
52
34
35
33
37
32
33
34
30
33
34
33
36
36
33
45
34
36
39
37
37
45
40
34
38
33
33
32
32
31
32
34
32
35
32
33
35
33
40
34
35
31
32
36
41
39
43
38
35
46
36
39
38
36
33
33
30
33
41
44
38
49
34
33
31
34
33
33
32
29
34
36
33
39
42
62
45
38
39
35
37
37
36
66
39
38
40
50
36
41
53
41
40
32
40
40
36
39
37
34
30
30
35
29
35
32
33
30
29
41
38
36
67
34
34
34
34
32
30
30
30
30
31
29
28
35
34
28
30
32
33
35
34
34
34
34
59
34
35
38
33
31
28
28
28
32
27
36
28
28
30
29
28
31
28
36
38
29
28
30
29
27
27
28
30
29
31
33
27
27
37
37
38
41
29
27
27
37
29
29
34
35
36
38
32
31
29
32
27
35
40
36
40
34
33
31
33
30
32
32
33
31
34
31
35
33
34
38
37
30
36
38
28
36
28
37
41
35
56
33
38
35
36
38
27
32
29
29
41
37
32
31
35
31
30
28
30
32
30
30
41
29
36
29
28
40
44
31
40
35
37
29
27
39
30
29
29
28
27
30
32
33
36
30
38
37
41
32
29
37
32
36
36
31
40
36
31
29
28
28
32
32
35
44
30
31
32
40
36
32
39
31
32
32
40
37
31
36
35
29
39
33
32
35
40
40
36
39
36
29
30
35
37
33
32
32
31
30
31
36
34
41
46
46
46
46
48
45
43
33
40
40
40
60
40
37
35
62
38
35
34
36
36
36
38
36
42
39
36
37
36
34
30
32
33
27
33
27
31
31
30
29
29
29
28
30
32
29
36
32
36
61
29
36
36
36
40
37
35
29
41
31
36
28
35
35
35
28
34
37
37
31
30
30
29
30
29
30
31
29
33
28
29
27
27
36
36
37
28
38
34
41
39
35
30
27
33
30
36
28
27
27
29
31
30
32
35
38
34
40
41
50
42
33
39
31
31
32
31
30
30
30
30
31
34
31
36
39
36
38
35
75
35
32
30
27
35
32
35
39
37
30
29
31
31
30
33
34
34
34
34
38
33
30
32
37
32
35
28
30
32
33
36
36
28
28
29
29
29
39
37
44
36
31
30
35
29
31
29
35
31
34
34
34
33
33
32
29
35
30
30
33
37
30
30
33
29
30
30
34
29
38
37
37
34
31
29
30
27
28
30
41
28
28
28
30
29
32
27
27
30
28
28
31
29
29
29
29
30
32
35
31
33
44
31
28
30
30
34
32
35
35
30
30
29
30
29
33
28
28
29
28
68
37
35
32
29
28
29
27
27
28
31
33
38
32
36
33
32
29
34
32
34
37
29
29
34
31
32
