78
80
79
85
81
88
77
88
96
75
90
76
81
75
82
79
80
90
85
82
84
102
91
91
83
116
81
88
90
91
92
97
86
90
103
102
93
88
91
97
85
89
80
87
82
80
110
100
96
91
90
96
87
88
97
86
84
78
80
101
102
80
75
79
77
83
84
81
79
81
81
81
94
82
82
82
89
84
81
87
79
84
94
86
81
88
94
93
80
87
80
87
83
87
82
82
87
106
97
86
84
82
80
82
75
83
82
74
80
86
101
108
78
115
90
101
107
97
80
74
80
86
75
87
80
80
88
80
106
82
85
82
82
95
85
88
85
83
87
92
81
83
81
85
84
104
83
87
84
82
86
88
83
83
114
88
98
85
95
82
81
92
84
80
78
78
78
79
78
84
77
77
77
77
79
81
91
81
82
78
85
101
92
98
84
77
87
85
86
95
82
88
79
80
82
83
82
86
79
93
83
82
83
80
80
88
96
83
89
111
85
89
84
89
77
91
84
101
79
88
93
102
93
98
99
88
89
96
75
77
91
86
90
86
89
87
79
97
126
87
84
86
75
94
89
89
89
89
82
78
85
122
88
84
82
90
88
94
86
80
82
83
91
86
87
91
102
100
89
96
90
88
85
84
80
83
79
90
86
88
86
120
102
98
80
78
83
92
86
90
90
83
92
90
90
76
90
115
95
93
98
93
91
87
88
88
87
120
91
86
86
78
110
94
89
78
77
94
79
96
93
89
85
76
77
76
89
86
92
80
82
85
89
93
94
98
95
97
77
79
77
88
89
97
86
95
91
93
87
84
78
78
90
91
86
93
84
83
112
90
85
93
89
88
82
86
83
82
83
79
82
83
80
83
81
88
81
85
82
85
85
108
83
83
80
89
84
81
112
87
85
90
96
83
83
80
89
88
85
92
91
90
93
88
85
80
91
90
93
76
89
82
85
81
82
75
79
93
104
84
82
89
87
89
89
81
104
94
101
97
87
87
88
106
87
89
87
86
85
85
94
88
83
85
88
80
95
91
88
122
85
88
85
93
87
103
87
84
84
86
83
102
84
92
86
82
80
88
88
86
80
94
93
96
92
96
97
92
97
111
86
88
91
85
91
99
83
89
93
92
88
95
96
88
93
101
99
114
92
104
87
92
88
92
89
87
90
82
89
88
83
82
85
86
83
81
80
85
83
89
83
81
85
83
80
77
78
95
93
83
84
89
90
88
89
84
89
82
87
84
86
86
89
82
83
84
88
87
90
89
88
88
83
79
93
82
94
83
84
82
91
87
79
77
79
78
79
89
90
89
87
88
85
87
81
89
80
89
85
84
89
85
90
107
80
89
88
92
87
92
82
86
77
82
80
81
83
90
83
92
81
89
100
88
91
93
88
86
90
92
89
86
81
86
88
77
78
92
101
87
94
83
97
85
98
91
84
92
94
77
77
79
86
79
80
84
85
82
81
82
78
77
82
81
84
80
83
77
78
88
83
86
80
90
90
87
92
97
76
84
87
83
81
79
76
77
84
91
90
87
80
78
76
77
94
89
80
80
84
88
85
87
81
88
85
88
88
97
83
78
90
89
118
88
77
99
92
93
92
87
85
82
82
81
91
89
88
84
79
76
93
79
87
82
85
84
82
83
84
93
82
81
85
85
85
85
82
82
86
86
87
82
79
84
77
78
86
84
79
80
79
78
76
82
80
77
78
78
78
81
77
75
77
77
76
78
76
75
77
78
76
84
77
77
77
81
76
77
83
76
83
81
85
82
93
91
89
87
86
82
89
87
96
103
98
83
90
95
85
86
92
85
82
81
83
88
82
84
85
83
82
80
82
83
83
84
91
81
116
82
84
85
82
79
76
77
86
77
75
80
87
112
78
85
89
87
89
83
83
85
87
86
77
76
96
96
76
86
88
87
87
82
83
75
87
79
79
115
89
75
75
81
85
84
81
81
83
80
93
91
120
86
88
86
83
80
88
83
82
83
86
79
77
76
74
75
75
81
75
84
82
78
88
79
84
81
82
74
74
82
82
80
90
79
85
80
84
78
86
106
85
100
76
83
84
78
77
85
93
78
91
89
101
84
93
90
87
88
78
83
83
94
95
93
95
103
86
87
88
83
83
80
79
79
79
81
75
74
75
80
85
82
80
81
83
80
80
80
85
81
79
102
84
84
85
83
81
81
82
83
82
82
85
82
82
83
78
85
82
84
84
84
83
82
91
85
84
81
87
95
96
86
88
84
82
85
88
81
79
79
78
78
80
80
76
85
78
89
87
84
