86
79
79
91
85
105
181
91
82
83
89
80
88
84
85
93
109
259
100
96
110
118
116
142
107
94
98
115
104
103
104
102
109
99
111
112
105
109
107
109
84
88
88
89
81
90
87
82
90
90
102
88
95
87
86
82
93
102
86
94
85
80
84
85
81
81
82
86
84
79
80
87
90
87
86
85
87
80
81
87
93
91
85
108
97
96
95
100
92
116
97
78
89
85
77
87
84
89
81
87
119
140
123
92
90
83
97
86
88
83
80
85
128
94
94
88
81
84
79
78
90
78
81
81
84
101
88
81
82
93
84
82
81
85
94
87
79
77
87
84
82
83
87
88
84
91
93
88
92
89
85
80
80
83
97
102
80
86
94
98
88
84
101
89
89
78
80
80
83
91
83
86
81
79
79
80
95
86
79
81
83
111
90
81
84
92
90
92
93
88
94
86
92
94
83
86
88
85
85
91
90
89
83
88
85
88
95
86
86
82
86
87
83
85
93
86
81
89
86
85
115
95
91
88
90
86
92
80
86
95
90
88
88
87
94
94
96
90
87
81
92
94
106
97
103
93
86
93
91
88
90
87
90
101
91
94
93
93
93
89
88
87
90
107
105
86
88
90
85
85
85
83
102
125
124
120
95
99
96
105
127
146
143
145
114
97
99
98
115
112
108
100
86
98
98
91
86
87
90
82
87
89
84
102
94
91
87
91
90
143
90
88
79
79
92
78
88
106
101
101
90
82
90
84
86
93
88
121
105
115
96
93
91
86
89
86
84
85
91
87
103
108
105
122
123
101
108
114
113
137
135
133
117
112
92
88
91
115
89
112
105
132
122
125
131
145
139
139
122
140
123
124
143
133
135
145
120
108
126
126
128
97
94
122
101
114
111
117
103
93
85
103
105
106
94
81
81
88
90
96
89
105
105
119
115
133
91
86
100
97
94
86
99
93
89
89
112
119
145
140
162
122
122
126
114
98
95
102
92
92
89
92
105
107
98
99
92
107
114
113
94
99
82
97
78
95
92
100
91
118
121
102
101
107
117
112
134
113
100
96
109
120
114
108
94
97
127
109
112
117
104
94
91
89
90
98
94
95
110
99
115
130
88
99
93
110
109
107
114
109
129
107
109
90
138
123
137
108
128
126
90
88
90
91
86
87
89
91
93
108
93
87
95
84
91
83
80
81
80
84
81
87
83
81
81
101
83
90
78
90
84
89
87
81
86
90
87
94
88
92
90
88
81
94
85
83
83
79
114
92
88
93
96
94
101
92
88
94
85
92
98
88
79
79
94
86
88
85
80
84
85
87
97
85
108
89
85
85
85
87
115
89
86
87
92
88
85
112
86
89
97
87
84
88
86
87
90
88
89
79
113
92
93
89
82
81
81
94
91
93
92
80
82
84
84
82
95
115
93
94
88
86
93
81
81
81
85
91
89
78
76
89
89
86
84
89
77
76
77
77
76
77
79
79
92
87
89
85
80
85
84
82
94
95
90
82
87
88
94
89
83
78
123
98
100
94
95
95
107
98
85
94
86
81
84
84
84
86
83
81
91
79
90
79
79
94
83
79
91
91
95
99
98
114
94
87
87
99
88
91
86
91
87
86
97
89
91
89
89
91
77
89
86
87
83
84
81
81
80
84
81
82
84
86
98
84
85
81
88
80
86
81
83
82
80
88
81
80
83
83
82
94
119
89
92
99
108
92
90
87
86
91
89
87
88
85
97
90
89
86
99
93
88
91
86
82
90
89
80
81
81
84
86
82
83
94
77
86
88
79
91
99
83
94
97
87
90
86
93
84
83
83
83
82
83
84
83
81
81
86
86
86
91
83
78
86
85
86
89
81
88
79
84
90
81
78
92
84
83
81
87
92
84
96
88
82
76
95
101
90
85
89
90
83
90
87
83
84
95
88
85
97
119
80
82
88
91
96
94
89
90
100
92
90
90
118
96
98
89
90
90
89
87
94
94
93
90
83
85
85
83
80
81
83
89
120
90
88
85
84
82
84
83
80
88
100
83
97
89
87
82
78
86
81
87
80
87
87
96
102
87
97
93
105
102
96
103
95
95
114
109
105
96
88
84
92
97
87
90
89
98
98
77
76
81
78
81
95
82
90
87
79
82
88
78
79
76
87
87
86
78
83
85
82
83
83
97
88
86
88
85
81
84
87
83
87
88
101
101
125
86
88
85
82
93
84
91
84
86
82
86
89
91
78
84
81
88
81
84
89
86
119
104
93
89
91
91
80
88
77
88
91
87
89
101
88
93
97
90
82
