107
106
100
113
124
91
76
115
131
108
125
91
155
99
120
92
111
84
81
107
115
96
99
106
89
93
89
88
91
87
87
87
85
90
89
87
120
92
80
97
80
82
82
86
86
90
87
88
93
90
84
88
85
82
86
104
88
91
85
90
85
86
85
99
80
86
78
84
79
79
81
80
79
81
82
85
86
81
82
95
130
88
82
116
112
79
92
87
109
99
98
85
82
81
86
90
92
97
94
123
90
92
81
80
80
88
89
86
89
98
131
207
115
108
107
132
150
91
90
133
95
82
84
93
85
84
97
92
84
81
77
79
86
81
88
81
82
86
77
91
81
78
82
81
80
84
97
81
80
82
85
83
82
90
81
86
79
79
92
87
80
81
85
82
88
83
83
83
77
86
82
89
86
90
88
81
83
108
88
87
81
82
82
100
87
90
88
84
87
90
92
105
89
86
83
82
88
81
82
82
90
88
89
94
95
89
97
89
89
92
89
99
88
96
89
93
91
90
90
92
117
107
101
84
84
94
103
83
80
107
81
84
78
81
80
82
84
107
84
85
91
88
89
84
92
91
89
91
89
88
91
91
86
87
94
95
88
86
94
87
87
84
86
85
84
84
80
80
82
86
81
80
83
86
88
83
86
91
126
84
83
80
93
86
85
77
89
80
78
93
86
81
80
92
87
89
86
86
95
88
85
92
93
96
97
94
95
95
99
89
82
85
85
99
93
95
103
92
91
89
88
101
83
88
98
98
87
94
85
86
87
96
86
82
81
79
88
92
86
85
89
84
86
93
80
82
82
79
86
81
85
83
84
87
87
83
82
88
85
93
96
93
97
97
93
95
86
87
93
97
86
86
86
89
82
82
88
86
84
83
92
84
91
88
84
87
89
86
86
83
85
82
84
83
85
82
87
94
88
91
84
92
84
77
80
84
85
85
82
91
84
81
83
101
122
79
89
91
87
86
89
81
78
77
77
79
91
90
93
97
88
82
86
84
80
89
82
81
82
90
81
82
92
92
93
87
99
84
91
93
86
90
77
94
87
83
90
81
88
85
83
86
91
95
92
86
87
85
90
89
84
91
87
91
125
87
93
90
90
93
119
79
82
87
87
93
82
77
88
94
121
96
96
90
81
78
79
92
84
85
95
96
90
87
89
101
95
94
90
95
84
87
86
93
85
89
83
87
84
98
84
82
78
93
86
88
87
83
85
86
85
83
83
83
82
81
85
96
94
90
90
89
92
92
94
92
85
86
84
83
89
85
101
80
82
83
85
87
84
90
99
92
85
84
85
89
82
86
83
83
83
79
93
96
92
83
92
87
87
86
82
88
94
85
81
87
89
78
91
81
81
89
78
88
91
89
123
92
97
92
90
84
111
82
90
82
86
90
92
88
82
87
82
85
81
82
83
88
84
83
85
89
86
91
90
86
123
88
90
78
79
78
77
89
90
96
87
89
87
110
84
116
91
89
78
88
89
85
87
86
84
87
83
76
85
85
91
79
79
90
90
93
107
84
83
91
88
84
86
94
91
90
90
85
83
88
90
89
86
80
84
85
83
83
89
81
80
88
85
95
89
87
82
83
86
88
91
116
94
93
81
93
93
88
89
88
85
86
80
86
80
84
85
85
85
92
85
90
88
91
90
85
96
88
91
85
82
81
90
91
92
81
92
83
84
90
90
85
86
88
91
87
83
81
80
92
86
82
82
88
90
81
86
105
82
82
83
78
100
88
90
87
93
83
86
83
90
80
93
92
90
83
84
82
89
88
84
89
86
85
88
87
87
88
82
93
87
85
90
83
84
82
84
85
84
86
90
88
90
80
79
80
79
79
78
86
81
87
86
87
82
107
86
100
90
84
84
82
90
87
88
85
92
79
104
85
79
77
76
87
86
86
85
81
87
80
86
82
79
87
80
80
80
82
80
83
79
81
87
82
85
81
81
83
82
82
82
80
84
82
80
81
81
85
89
80
82
82
81
82
80
87
84
87
81
80
89
80
85
82
81
80
81
80
85
83
84
82
77
79
86
93
91
86
86
84
88
85
87
85
85
85
107
83
84
84
83
82
82
85
85
89
86
88
89
110
87
86
87
85
87
85
89
84
89
87
82
86
86
82
85
86
86
83
89
88
87
85
92
85
94
92
86
84
82
79
78
82
80
85
84
90
83
112
93
86
87
86
88
102
86
87
86
85
85
85
104
92
84
85
81
87
87
83
86
85
86
83
89
85
85
83
80
91
82
83
81
84
86
84
81
82
84
79
81
82
83
82
83
79
