124
157
147
144
97
98
142
115
101
115
153
110
133
109
114
105
149
111
94
169
109
109
114
110
108
108
110
102
138
111
110
109
115
119
107
114
109
111
124
110
104
119
116
125
121
140
117
138
106
118
107
116
110
103
102
114
121
124
121
118
97
96
107
95
92
92
104
104
109
103
99
97
99
102
97
98
103
104
103
119
111
106
108
127
110
103
105
103
101
96
100
97
97
97
104
102
102
116
105
102
103
103
104
108
99
99
102
104
103
103
102
103
105
97
102
98
100
92
93
97
104
102
104
101
103
104
112
107
99
101
98
101
109
104
99
94
91
107
95
106
101
98
100
110
97
107
107
104
102
123
98
98
96
96
112
104
107
104
106
108
102
100
104
105
106
114
101
96
103
100
100
101
98
95
104
107
99
109
103
109
104
98
98
111
93
99
124
110
114
109
104
100
102
102
108
96
103
104
106
104
107
102
100
105
104
105
102
109
108
104
99
116
107
129
98
105
110
95
103
107
165
160
141
143
159
182
126
103
131
94
98
93
110
99
110
108
102
104
99
99
111
118
112
108
141
155
145
120
109
97
123
100
185
129
165
207
170
156
133
111
118
117
115
117
118
118
175
135
165
158
218
230
101
105
109
104
111
104
108
108
141
133
146
162
191
172
123
142
134
105
100
99
109
116
113
120
119
115
109
116
111
140
107
98
96
100
111
107
111
111
102
108
110
101
109
97
110
96
104
133
98
114
109
101
107
106
109
103
96
104
113
96
106
97
123
105
102
116
108
108
102
120
102
107
104
105
107
104
107
115
106
115
110
110
112
112
110
108
112
111
108
108
108
129
145
115
111
106
108
107
107
106
108
107
131
115
115
111
112
144
102
101
96
100
108
101
104
104
93
101
106
108
101
107
105
106
102
102
104
99
101
103
100
116
119
100
110
107
114
113
109
108
103
100
102
101
99
100
99
97
94
98
106
96
111
108
117
102
107
101
108
105
107
103
102
102
101
110
99
102
100
105
103
111
110
110
110
103
112
106
102
101
106
103
106
104
109
111
103
108
105
103
103
108
103
105
102
105
100
101
100
112
101
101
102
103
110
103
102
105
101
101
102
109
104
105
104
101
100
101
104
100
101
102
102
104
102
100
101
101
108
106
101
98
101
99
98
96
92
94
103
95
96
110
108
103
99
110
99
102
96
94
93
94
93
96
94
96
95
105
101
99
104
102
105
101
101
105
99
93
93
101
101
112
101
108
108
103
101
100
104
100
103
110
100
100
101
98
108
97
99
99
111
98
108
102
108
102
102
108
98
101
97
93
92
92
114
108
103
102
120
107
97
94
113
107
105
100
98
100
105
105
104
127
107
105
94
92
99
95
108
109
105
109
106
94
95
94
92
105
106
100
97
108
100
102
103
111
106
98
106
96
97
93
119
95
99
94
99
106
99
98
99
93
128
101
102
98
99
111
113
95
105
97
93
94
96
95
93
94
93
109
97
101
96
102
95
94
93
97
100
106
100
100
97
96
101
101
99
98
98
103
100
97
99
100
102
98
101
98
99
100
99
97
98
96
95
98
96
95
99
100
100
97
97
97
98
101
117
101
93
94
96
114
103
96
94
93
94
103
94
107
102
102
103
109
105
103
104
96
96
106
104
101
107
98
103
102
102
104
101
99
99
105
99
105
109
103
95
97
100
97
101
99
101
100
93
102
96
103
98
99
98
98
97
102
97
98
97
96
100
97
112
112
98
99
100
102
104
99
94
94
94
92
93
94
93
93
93
95
94
104
94
94
104
106
104
96
103
101
102
100
101
97
96
94
93
105
106
108
102
105
103
111
145
95
100
98
110
102
94
103
103
103
97
106
102
112
108
103
97
103
106
110
100
102
95
97
96
97
103
100
101
102
100
98
101
98
97
105
95
98
100
105
94
92
99
105
105
97
105
104
103
93
101
99
101
102
97
97
99
100
104
98
97
97
100
109
100
113
103
101
101
101
95
104
103
103
108
103
106
103
123
105
101
102
102
103
103
100
98
100
101
108
102
118
102
101
107
100
95
101
99
98
102
101
105
99
102
100
95
97
104
103
102
97
97
98
99
100
99
131
104
103
103
98
98
92
100
102
101
106
97
97
93
111
109
103
97
96
102
98
108
101
109
101
102
131
102
107
105
102
99
106
103
104
105
99
98
96
98
97
104
102
101
102
107
109
105
99
102
101
97
100
98
100
97
97
98
102
109
104
103
104
105
105
111
101
96
98
98
98
108
113
97
94
91
92
100
110
