69
62
64
76
55
82
94
83
74
64
79
88
58
50
72
65
54
100
72
65
55
59
54
55
53
59
59
57
49
52
59
57
51
50
64
64
51
56
55
59
55
59
56
57
57
52
55
54
63
47
52
60
52
56
52
52
54
56
49
54
47
46
60
55
60
47
49
61
47
59
53
50
55
51
46
70
57
58
54
54
58
57
51
55
55
51
55
54
54
55
60
56
56
54
62
59
55
58
53
55
61
51
78
82
88
53
58
115
51
76
50
57
59
90
84
68
72
56
55
55
55
51
61
54
50
50
55
48
50
48
49
51
50
61
52
50
49
49
54
48
53
92
55
55
56
57
55
51
57
54
58
61
52
58
54
54
52
57
49
50
61
58
54
56
64
56
52
59
51
55
49
74
51
57
62
50
52
52
51
55
54
56
55
54
59
59
73
54
62
52
56
57
54
58
55
54
54
55
53
51
56
57
62
57
64
56
57
57
56
51
55
56
53
60
62
90
58
64
55
55
56
61
57
54
56
68
58
56
59
55
54
56
53
54
52
58
55
62
63
52
51
61
54
49
50
48
54
49
50
54
54
49
48
47
55
49
47
49
52
48
49
54
51
52
53
53
53
81
52
53
56
89
58
58
59
62
62
59
56
53
54
61
55
50
50
53
55
54
59
57
53
61
53
54
51
51
51
49
53
49
53
51
67
53
58
57
61
55
50
47
59
59
57
61
52
49
55
46
46
48
50
51
52
71
53
51
55
50
49
47
47
48
47
53
65
62
56
49
48
100
56
54
49
55
69
51
52
49
55
50
51
46
61
46
47
60
56
51
56
51
51
57
49
51
48
50
53
57
52
49
47
47
56
60
54
55
56
50
52
50
52
51
51
51
57
56
56
93
60
58
57
56
48
50
63
48
54
57
54
49
55
53
55
60
52
55
51
58
56
52
59
61
61
55
54
52
52
50
58
52
53
55
62
54
63
55
53
52
65
52
52
56
58
60
59
57
55
60
60
53
52
57
53
51
57
53
50
52
54
58
56
54
52
58
54
60
49
48
61
51
53
52
52
49
56
61
55
55
64
58
60
84
59
60
58
56
59
59
61
52
53
53
82
56
50
59
56
50
52
53
56
49
52
51
56
54
52
52
54
55
51
55
53
49
54
53
54
56
55
47
53
51
51
53
60
48
49
51
55
55
55
50
53
51
53
56
52
51
53
55
46
48
49
49
58
51
59
53
52
50
48
47
58
49
52
63
52
60
50
50
49
51
50
50
47
47
50
58
49
49
49
50
47
47
47
52
60
58
52
51
49
48
52
77
49
49
47
47
51
49
50
48
52
53
51
50
50
51
48
49
50
49
54
50
49
50
103
57
52
56
54
50
50
52
50
58
46
49
49
55
50
47
47
46
51
48
56
57
56
53
50
49
59
51
48
57
56
47
46
57
55
54
55
49
47
58
53
54
55
55
52
49
48
49
54
56
50
60
50
58
55
54
52
48
50
51
57
50
52
55
51
53
98
61
60
50
48
52
48
49
56
48
47
55
54
51
59
55
79
57
55
52
51
49
53
51
51
52
49
49
55
55
57
50
50
56
53
49
46
49
57
50
52
49
52
63
49
50
49
58
49
51
50
54
50
48
55
56
90
57
59
58
51
54
54
50
50
53
51
57
55
52
93
49
49
52
56
57
50
49
47
61
47
46
50
47
50
48
50
50
49
49
50
49
48
48
49
56
60
49
58
50
56
51
50
49
54
52
51
50
49
59
51
51
58
57
53
50
48
52
47
50
49
50
51
104
48
47
49
48
57
56
51
49
56
63
60
51
52
51
46
46
49
58
53
56
66
51
53
56
56
57
53
62
63
49
54
51
49
59
84
58
62
57
50
55
49
51
51
51
46
50
53
67
49
60
49
48
46
48
48
56
49
55
72
59
51
50
50
50
56
55
56
50
51
64
50
53
50
48
83
48
48
50
59
65
49
58
53
51
49
50
51
47
51
53
67
50
47
52
54
50
52
50
48
53
54
69
51
51
50
50
50
49
51
50
52
56
62
52
51
49
48
54
49
50
51
53
53
64
55
60
56
63
63
64
89
63
47
59
52
54
58
59
52
63
50
52
48
46
46
46
46
50
46
52
52
48
65
51
54
66
51
51
50
52
52
55
50
47
51
97
50
48
49
46
50
54
53
49
54
52
58
54
60
51
50
51
57
56
50
58
53
51
50
50
50
56
49
50
54
52
48
47
52
55
54
51
52
51
101
50
55
51
50
50
53
52
51
62
