8
11
10
9
9
9
9
9
9
8
18
9
18
15
53
14
15
14
15
17
16
16
17
17
17
12
11
11
13
18
15
69
10
17
10
18
12
12
13
11
41
9
9
10
10
16
15
10
12
10
9
16
16
9
9
9
10
12
13
17
16
9
19
10
10
15
15
15
16
12
9
15
9
9
9
10
9
17
12
15
10
10
9
11
12
13
19
11
12
11
12
10
9
10
10
12
16
18
10
10
20
9
16
17
9
10
9
10
9
14
10
10
10
9
10
9
9
9
9
11
63
8
9
9
10
9
10
9
9
9
9
11
8
15
11
19
9
9
9
9
10
16
10
9
11
11
35
18
16
17
17
10
17
11
9
10
9
10
11
10
27
9
10
15
9
10
11
11
9
22
11
11
10
10
10
10
10
16
9
9
9
9
8
13
13
12
9
20
9
9
8
9
11
9
9
15
15
15
13
15
11
9
10
12
11
9
14
16
9
11
20
9
9
8
9
10
10
15
9
18
10
13
16
12
12
14
9
12
12
10
12
10
11
11
11
11
9
12
10
10
17
10
10
9
9
9
9
9
8
10
11
10
10
10
10
9
10
9
9
9
10
11
9
10
8
8
10
9
9
11
11
9
10
25
16
8
10
9
10
11
9
9
9
10
10
11
9
11
10
9
12
9
10
9
10
16
20
19
10
19
9
8
8
9
8
9
8
10
10
9
10
8
19
14
11
15
9
10
9
10
15
14
10
14
14
18
10
9
9
11
15
17
10
10
8
9
8
11
11
9
12
9
16
9
16
29
28
18
18
18
37
10
10
9
11
10
10
9
16
16
18
9
9
19
9
11
16
11
12
12
18
11
11
15
10
13
17
12
17
13
15
15
10
14
14
19
18
9
11
14
13
13
13
10
11
12
12
11
10
8
8
9
11
9
9
9
10
10
10
9
10
9
9
13
9
8
9
10
10
12
10
9
9
11
12
16
17
9
15
9
9
9
9
8
9
10
11
9
10
9
10
9
8
9
9
10
9
10
11
9
9
8
10
17
16
15
30
8
9
9
10
10
11
11
9
18
17
17
17
11
18
16
10
11
10
10
11
10
11
12
10
10
9
9
11
10
10
11
12
17
11
10
9
10
11
19
20
9
13
12
10
9
9
9
9
9
10
11
9
9
10
9
9
9
9
12
11
11
11
10
11
9
10
11
12
13
15
36
17
16
16
10
18
16
15
10
15
16
10
8
11
11
9
10
10
10
9
9
10
11
9
16
10
15
9
10
14
9
11
23
9
16
9
10
11
10
11
9
10
10
10
10
10
10
10
13
11
9
10
9
10
9
9
10
13
11
9
11
9
15
15
13
9
10
9
9
9
12
9
9
10
9
9
9
10
9
17
9
9
9
9
9
9
9
11
10
9
11
10
10
9
10
10
10
10
9
9
8
9
10
9
9
9
10
9
10
8
11
9
9
9
10
10
9
16
9
10
9
9
9
10
10
9
10
10
9
17
9
10
9
10
12
10
10
9
10
12
9
10
9
15
17
10
8
15
15
15
15
16
15
16
16
15
14
9
9
13
8
12
10
11
10
10
9
18
13
10
12
16
9
13
9
9
9
10
9
8
10
16
14
14
16
14
9
8
9
9
9
10
9
8
9
9
9
9
9
9
12
13
10
9
9
9
10
10
9
10
9
10
44
15
15
10
10
16
9
9
10
9
16
16
15
15
14
15
14
15
13
15
14
12
14
17
19
15
15
17
13
15
38
16
14
38
15
16
16
16
17
17
15
17
9
17
15
15
16
16
12
15
14
13
15
19
9
14
15
9
9
8
10
8
9
9
8
9
9
8
9
9
17
9
8
9
8
8
8
9
8
9
9
8
9
9
8
8
9
9
8
9
8
8
8
9
10
15
11
10
9
16
9
9
8
10
13
9
9
10
10
10
9
9
10
10
11
9
10
10
13
10
9
9
10
9
9
9
9
12
14
15
18
41
10
9
9
11
10
8
11
9
9
9
9
9
9
9
16
11
11
15
9
9
19
10
10
11
8
9
9
8
9
8
8
9
9
9
9
9
17
10
11
8
8
10
10
17
9
16
15
11
11
12
12
9
9
9
9
14
14
14
12
12
15
15
11
8
16
16
14
13
13
9
12
16
29
9
9
10
9
9
8
9
10
9
9
9
8
10
9
11
11
9
8
10
17
9
9
10
10
10
10
10
12
11
9
10
16
16
13
12
10
11
10
9
9
9
9
14
9
10
15
16
16
9
9
11
12
10
10
10
10
