74
77
88
72
64
69
80
68
112
85
82
90
51
58
54
81
64
77
65
109
80
81
80
73
78
79
83
73
81
70
74
73
74
89
75
72
69
71
70
73
57
56
62
75
55
61
61
57
56
53
60
95
61
57
60
60
68
67
61
71
59
53
69
52
64
56
55
48
48
49
55
58
56
57
52
58
58
56
59
57
64
61
69
61
53
68
65
53
54
50
58
48
54
52
50
54
51
51
56
58
115
124
95
91
166
110
65
87
53
52
60
61
80
57
56
56
60
60
52
52
57
53
56
48
58
55
54
54
54
51
53
56
52
53
52
52
51
56
55
51
53
54
63
52
59
53
56
58
55
55
58
55
74
53
55
61
54
61
54
60
74
53
51
53
55
55
54
55
56
55
55
61
56
55
52
51
55
65
49
48
55
59
54
57
53
52
52
55
57
53
50
54
50
54
52
58
60
60
56
63
58
62
55
54
68
60
64
68
60
56
69
58
59
56
55
53
55
54
60
60
50
61
53
50
58
54
60
53
61
58
55
63
61
52
50
58
53
56
51
60
85
112
112
118
66
67
73
65
68
70
73
74
69
68
53
64
97
66
64
59
53
62
64
60
64
63
57
68
63
56
58
60
66
65
63
61
59
78
67
55
57
59
62
79
82
81
107
131
91
122
197
134
82
61
63
78
58
57
61
70
99
77
73
57
63
78
86
78
69
72
60
59
65
62
60
57
67
60
65
62
62
64
62
56
55
56
56
56
56
62
54
56
66
65
59
66
52
68
70
72
65
63
70
87
67
59
54
69
84
87
74
82
71
83
85
92
75
75
79
79
70
76
66
73
64
58
58
63
77
59
71
68
64
65
60
66
56
57
57
62
57
82
79
67
65
59
57
55
60
53
53
54
53
53
58
55
65
63
65
54
65
70
66
71
63
67
60
57
57
66
65
57
60
59
56
57
59
57
56
62
58
56
60
58
58
66
61
59
59
64
63
58
56
55
61
61
57
59
81
58
59
56
57
63
66
55
61
60
60
63
59
56
58
55
54
57
59
59
60
56
57
60
60
55
55
60
64
60
59
57
64
60
54
69
81
76
67
66
66
67
67
68
65
66
62
59
57
65
95
67
92
89
91
80
82
67
77
69
64
63
51
54
52
52
61
48
58
58
56
58
53
55
53
53
53
54
62
60
62
64
63
60
55
54
62
53
52
61
51
54
57
56
53
60
58
59
59
63
59
52
54
54
52
52
58
57
60
64
57
61
84
51
53
71
85
64
60
60
68
58
56
60
60
88
60
59
66
73
61
62
63
75
68
63
60
59
58
70
57
63
50
54
62
62
56
57
55
85
64
64
66
58
52
51
59
61
58
54
54
58
56
58
54
63
54
52
71
58
57
64
56
57
64
63
65
76
58
69
64
60
58
60
66
66
66
67
62
74
63
69
58
72
70
61
65
56
60
62
61
68
56
54
56
60
57
63
59
52
51
51
51
53
54
61
66
53
51
58
53
51
53
63
68
56
61
57
56
57
66
62
58
63
57
58
62
57
58
56
55
56
53
60
59
59
59
55
66
56
53
58
58
52
54
60
54
51
51
58
63
56
60
52
54
51
59
88
58
60
63
53
70
57
66
49
50
55
54
59
54
58
57
72
54
58
56
51
50
56
54
51
53
62
60
58
63
68
72
66
59
61
58
53
52
51
53
52
52
59
51
54
55
53
53
60
58
58
53
60
59
57
58
57
63
62
64
53
54
55
52
57
66
56
65
97
63
56
50
55
60
55
61
60
62
54
54
52
53
58
59
65
78
53
55
55
53
58
52
51
58
58
63
60
56
55
53
52
53
52
55
57
59
54
53
52
67
60
58
64
73
70
61
67
74
60
53
69
63
55
53
54
54
67
49
49
49
53
64
58
57
53
53
55
51
62
60
60
56
54
59
56
60
53
55
57
60
58
54
51
56
60
58
86
64
60
61
52
57
52
59
53
51
55
60
53
86
56
62
53
51
52
52
61
55
54
54
57
54
59
56
59
71
69
65
69
68
69
64
54
83
53
62
61
91
56
62
59
91
56
54
52
55
51
60
50
51
67
55
55
58
60
52
54
56
53
56
71
65
50
50
56
55
52
53
54
53
57
59
54
58
60
54
54
53
69
54
61
57
60
53
52
51
51
49
49
90
60
67
54
61
60
52
57
57
55
56
53
52
59
54
61
58
54
53
52
56
56
53
53
58
60
114
60
55
54
58
57
56
55
56
54
55
55
55
65
53
60
62
60
63
56
