44
24
23
55
20
19
18
21
19
22
16
34
18
22
22
22
31
19
16
24
18
20
19
17
24
16
16
15
16
16
16
24
18
25
25
18
16
22
15
17
27
17
18
20
26
25
17
17
18
18
24
19
17
17
18
17
16
21
16
16
25
22
16
19
16
16
18
16
15
16
17
20
19
18
16
18
29
23
16
21
18
21
16
17
16
15
15
17
17
16
16
17
18
16
23
16
23
23
20
31
16
17
23
16
16
36
24
16
19
19
16
23
16
16
24
23
23
16
16
20
22
16
15
17
17
20
19
22
19
20
16
23
20
25
34
25
17
23
25
19
18
19
16
20
31
17
17
59
23
17
21
18
18
17
15
20
16
18
16
18
17
23
23
22
16
24
16
16
16
16
15
16
16
17
36
16
16
17
17
16
32
24
19
20
22
16
24
35
23
24
22
22
56
21
24
25
24
17
23
22
31
18
22
25
20
19
17
18
19
18
17
18
24
22
17
20
18
20
20
23
44
34
22
26
15
21
17
18
16
23
17
18
20
19
15
22
20
16
22
24
23
17
20
22
19
19
17
16
16
16
16
22
20
18
18
16
18
18
17
19
24
22
20
22
22
18
16
15
15
16
15
17
27
23
17
16
15
16
23
17
17
20
23
27
24
22
22
19
17
17
16
16
16
16
17
16
41
17
17
17
20
20
19
23
23
23
25
23
18
24
22
31
23
22
22
21
17
23
18
17
16
16
16
20
26
16
26
16
23
18
17
17
16
24
21
22
17
31
18
17
23
16
21
21
16
17
23
19
17
17
18
25
24
18
16
16
20
17
16
16
23
25
22
27
26
21
21
25
22
23
22
16
18
17
16
15
15
16
16
21
17
15
15
16
16
17
16
23
22
23
21
25
16
19
21
16
17
17
17
16
17
17
17
17
17
18
17
17
17
16
16
18
18
25
17
25
27
19
18
31
17
18
17
18
19
18
16
15
23
18
16
17
17
17
21
16
16
16
16
17
16
17
16
22
16
17
16
16
17
16
18
17
17
17
18
17
25
23
22
23
16
16
16
18
22
18
16
16
17
16
15
24
22
65
26
19
21
23
22
17
22
22
21
22
22
24
23
23
17
16
17
15
16
21
20
23
22
23
18
27
16
19
15
15
16
22
15
16
16
15
16
15
17
17
16
15
33
17
19
16
17
18
18
18
17
17
16
16
20
50
19
17
16
23
22
23
17
24
16
17
16
16
16
18
22
21
17
24
18
17
18
17
26
23
22
23
22
23
54
25
19
21
25
22
17
16
16
18
16
16
16
19
22
16
23
25
24
17
20
16
18
17
17
22
16
16
24
19
19
23
17
17
22
22
21
20
19
17
18
19
17
18
16
17
16
17
17
21
17
17
17
18
22
23
22
23
20
18
22
15
18
21
21
16
17
21
20
20
20
17
17
15
21
21
20
21
20
18
17
23
25
21
20
21
16
18
16
17
16
17
16
17
16
17
23
17
16
15
18
17
18
16
17
17
17
16
16
23
16
15
20
16
15
16
17
17
18
21
18
17
25
23
16
16
16
16
17
17
16
17
18
16
18
15
17
24
21
23
22
22
25
22
22
22
23
54
24
22
25
18
16
18
18
18
21
16
19
22
22
16
17
17
16
16
16
16
16
16
16
16
18
16
16
16
17
17
20
15
16
16
17
17
16
16
17
21
19
17
19
16
21
19
18
18
17
17
16
16
17
16
16
22
21
16
17
17
16
24
21
21
18
21
24
24
16
16
23
16
17
17
16
17
16
22
23
22
16
19
17
27
17
16
20
16
15
60
16
16
17
17
25
17
23
16
16
24
22
22
24
17
23
16
17
15
15
16
16
20
20
16
24
15
15
16
17
16
15
17
19
24
15
19
16
19
19
16
17
16
22
23
20
23
22
22
50
16
17
16
19
17
16
18
16
22
21
25
21
19
19
19
20
20
19
22
25
22
16
18
17
22
22
20
22
22
22
21
22
18
17
16
16
23
23
22
17
16
16
16
16
31
18
20
23
17
19
17
17
17
22
17
21
22
18
19
17
20
20
21
23
26
15
16
15
16
28
17
16
17
16
17
17
18
17
16
22
16
16
16
15
16
17
17
17
17
16
15
15
15
16
17
15
21
16
17
15
17
17
17
18
25
24
15
16
16
16
53
16
19
16
15
15
20
16
16
17
21
23
17
17
20
17
16
16
22
22
21
16
26
17
18
25
17
17
17
16
17
17
17
16
17
16
19
18
17
18
18
24
18
18
18
