16
15
23
25
21
23
20
19
16
17
20
17
20
23
23
23
22
50
16
17
18
16
16
20
18
27
16
16
19
26
18
16
17
18
19
17
20
18
22
26
19
17
27
16
15
17
16
17
17
19
17
18
16
17
16
21
27
25
27
16
21
19
19
19
21
19
16
15
15
22
21
30
18
23
22
15
16
20
20
20
21
25
20
17
21
22
20
23
24
22
20
20
20
23
22
23
17
17
19
16
19
18
16
16
18
20
17
16
18
19
18
18
15
20
18
15
16
16
20
20
16
15
19
17
36
17
23
15
16
16
17
15
15
15
15
16
24
16
17
20
20
19
17
17
22
21
15
20
16
16
16
17
16
17
16
25
16
24
18
25
23
22
22
23
29
15
22
16
17
16
16
16
15
17
16
17
17
18
16
20
16
24
17
25
17
25
17
18
21
24
15
16
16
25
47
25
20
23
23
25
17
17
18
21
17
23
16
27
25
17
25
25
23
18
17
34
18
18
16
16
20
15
16
16
16
16
15
17
17
16
16
15
16
15
15
26
22
18
18
16
18
23
17
17
16
18
16
16
16
16
17
17
16
17
17
17
17
18
16
16
16
15
25
15
17
18
17
17
17
17
16
16
17
17
22
17
17
16
17
16
17
18
17
16
16
16
16
20
17
17
17
23
44
18
17
16
16
16
17
17
19
20
26
22
24
19
17
16
16
17
17
25
25
37
19
17
17
31
15
16
15
16
16
18
31
17
16
16
21
16
17
16
20
19
21
24
19
17
16
23
24
23
20
16
22
16
24
23
16
23
24
23
17
22
23
17
17
16
16
24
17
16
18
22
22
24
16
16
16
17
17
19
17
15
15
17
16
15
15
16
17
16
18
28
25
17
16
19
16
17
15
21
16
21
18
16
16
17
16
17
17
23
16
26
22
22
21
19
21
17
17
18
16
16
17
16
16
20
18
18
16
17
16
17
17
16
20
23
22
26
19
17
18
19
18
18
18
17
24
23
17
17
17
23
22
23
17
17
18
23
17
21
21
18
21
17
21
23
24
22
54
23
16
18
17
20
21
17
21
18
18
21
19
17
20
19
24
20
22
23
18
19
20
20
19
19
21
17
19
17
18
16
16
18
18
17
17
18
20
17
15
15
15
15
17
16
15
15
15
16
16
17
17
16
16
23
17
22
24
19
19
19
17
18
16
16
25
26
26
23
23
50
22
23
17
16
16
15
16
25
17
17
18
19
17
18
15
21
22
21
22
23
22
21
21
24
20
17
21
40
24
21
25
17
15
15
17
16
16
16
16
23
22
16
16
16
16
22
22
22
24
16
19
16
16
15
17
18
15
22
16
22
19
18
16
16
18
16
21
16
19
18
17
18
16
18
18
24
16
18
17
17
16
16
15
17
22
17
19
17
17
20
16
20
22
23
19
21
17
21
18
16
16
21
22
21
21
21
21
17
15
23
23
17
17
16
16
24
17
17
17
17
18
20
19
20
15
16
16
16
18
15
15
16
18
16
19
17
16
16
16
17
19
17
16
17
16
23
22
24
50
23
16
19
19
19
16
15
15
15
16
14
15
16
16
16
15
15
15
15
15
18
17
18
18
18
16
18
15
17
17
21
17
15
16
18
18
16
16
19
23
16
15
22
23
17
23
16
25
23
15
17
15
17
16
22
16
15
21
16
15
19
16
16
22
19
18
16
17
14
15
15
14
15
15
16
15
15
15
15
15
15
16
18
16
22
17
17
20
22
19
20
19
47
20
23
21
48
17
20
16
23
23
22
16
22
21
23
22
22
22
19
22
22
15
21
16
18
17
17
18
18
20
22
20
23
15
22
16
17
16
17
29
15
15
16
18
17
20
23
20
16
15
16
15
18
15
15
23
23
17
19
17
17
18
24
19
25
27
24
26
22
17
19
18
17
15
17
18
21
19
17
17
16
16
20
16
20
32
16
21
20
16
17
19
17
17
15
16
20
17
17
19
20
17
19
17
16
17
20
17
18
17
17
17
19
33
16
17
22
21
16
22
21
17
17
16
16
23
18
17
16
21
17
16
17
15
16
15
59
56
21
17
17
17
17
17
17
16
18
19
18
17
16
16
15
14
17
16
16
15
16
18
16
18
50
23
16
16
17
16
15
15
16
16
16
22
23
15
14
15
15
15
17
16
16
15
16
17
20
16
17
20
17
22
22
18
19
19
18
17
16
16
16
17
17
17
16
16
20
19
15
15
14
15
16
24
18
17
22
20
19
19
16
16
18
21
22
22
20
