84
84
102
91
178
88
88
87
81
76
85
80
87
79
79
85
83
91
83
104
88
118
93
90
88
91
97
91
87
83
93
87
94
93
85
85
90
82
85
98
85
91
83
99
84
114
91
87
91
104
91
98
100
96
93
95
109
112
96
96
99
87
87
80
79
77
79
87
85
84
99
86
86
85
76
98
77
87
79
81
77
85
85
82
83
81
83
89
96
84
91
91
88
86
91
97
90
86
80
80
117
100
112
99
82
89
136
101
81
77
81
87
83
79
79
81
85
81
80
80
80
81
81
81
76
78
90
81
86
87
86
78
84
96
86
85
81
78
80
79
83
86
83
85
84
80
88
81
84
86
87
85
85
86
92
83
85
77
82
85
95
85
83
85
80
79
85
80
80
81
75
80
83
77
87
79
81
77
83
88
83
83
91
77
95
82
82
84
90
87
93
81
81
79
83
89
83
82
81
79
80
90
86
82
84
93
81
87
83
83
79
76
93
83
83
81
79
86
82
94
85
82
88
88
90
84
78
96
97
95
96
88
79
92
90
82
90
94
123
87
82
85
89
91
87
87
133
125
99
90
108
132
126
106
91
93
85
120
95
100
102
102
100
100
104
89
91
92
94
101
101
95
95
98
91
88
87
94
108
121
142
111
126
124
108
180
168
187
162
79
94
87
90
92
99
96
94
91
98
112
90
92
92
91
92
89
93
91
86
86
90
97
105
90
93
85
86
85
89
87
91
96
89
83
86
97
88
80
96
93
91
82
93
85
84
88
82
84
87
85
83
88
83
84
90
89
90
93
88
86
78
77
83
80
80
78
77
79
81
78
78
77
82
82
83
79
84
82
85
83
89
81
78
82
81
78
83
88
84
88
87
87
87
98
91
90
88
88
85
86
83
84
90
83
83
86
88
83
90
91
121
91
86
80
83
87
81
92
92
94
92
82
91
85
85
81
79
77
79
80
82
97
83
79
77
78
76
86
83
92
97
91
118
81
78
79
77
78
80
79
80
78
77
79
78
78
77
77
77
92
84
82
85
82
83
82
82
116
79
92
80
78
79
92
91
83
87
86
86
99
84
77
89
79
78
79
90
90
91
114
87
92
90
81
81
83
83
83
81
89
88
91
83
84
137
95
91
93
94
90
82
82
84
90
92
96
91
92
91
85
86
88
86
79
76
79
83
76
89
88
83
91
88
90
91
88
146
91
90
86
88
88
91
89
87
87
96
86
84
88
86
88
87
86
87
86
86
85
87
78
76
77
77
86
78
77
79
77
76
87
77
77
90
91
79
81
76
86
88
91
78
77
76
81
77
77
79
87
94
94
87
83
85
94
88
88
92
87
85
85
88
85
83
82
90
82
83
84
82
86
88
87
82
88
85
84
80
93
82
82
83
81
84
82
84
92
108
89
93
78
78
79
77
89
88
90
75
78
86
81
88
78
91
90
94
91
78
87
87
84
88
87
87
89
90
83
85
92
85
81
89
79
87
84
88
86
87
86
83
90
85
91
106
80
85
83
78
80
79
76
88
87
85
93
80
80
86
110
87
85
82
87
83
86
82
83
81
79
81
80
83
85
88
89
87
86
84
84
82
89
78
84
82
103
84
79
86
112
82
91
117
88
85
84
87
84
84
80
81
86
108
89
85
85
83
86
85
87
87
88
88
84
82
84
85
84
83
81
88
80
80
79
91
89
88
86
109
114
88
86
85
87
87
84
86
84
82
82
80
86
80
82
92
80
79
83
82
80
85
86
79
76
76
80
76
76
75
76
93
93
78
91
76
76
75
76
87
82
81
81
80
81
83
79
79
80
88
81
121
91
81
77
79
75
81
82
80
83
85
92
90
116
86
87
81
84
79
77
77
76
81
86
81
87
76
75
90
81
91
81
77
87
77
76
76
76
75
100
78
81
79
96
77
76
82
77
91
80
82
87
112
80
80
83
82
81
80
81
76
80
89
79
79
114
78
78
80
76
83
76
76
76
81
79
119
83
129
83
87
86
87
85
87
85
89
89
86
86
84
122
88
82
87
79
75
77
85
85
87
88
86
92
113
90
94
85
83
91
83
83
79
90
81
88
76
117
78
83
79
88
83
91
86
85
85
82
81
86
86
82
81
78
87
79
84
77
76
82
76
79
85
91
85
82
83
89
80
76
82
74
79
87
81
82
85
90
79
87
82
79
78
81
82
80
80
79
80
81
80
86
81
89
79
86
80
84
84
83
85
86
101
77
76
78
82
98
86
84
82
82
82
82
82
88
83
83
84
84
74
85
