54
56
54
47
57
55
56
55
58
66
54
54
55
53
73
55
54
59
58
56
54
54
53
50
51
51
54
48
48
52
48
50
56
50
50
46
52
46
45
55
51
53
59
55
55
53
53
52
52
58
51
54
56
78
54
57
57
57
55
51
47
53
47
46
46
54
48
45
56
48
59
48
50
46
48
52
50
57
50
47
55
54
54
56
52
57
62
64
58
56
64
51
49
50
57
50
68
51
51
56
89
248
52
80
84
72
69
83
88
96
66
80
74
82
59
72
67
73
80
78
55
51
62
51
55
48
56
48
54
48
47
50
55
54
51
54
49
72
55
50
53
49
49
52
53
50
52
52
50
49
52
51
54
51
51
50
51
51
51
52
50
49
53
55
50
49
48
51
52
47
49
47
57
54
50
56
56
48
52
53
54
49
48
56
55
49
62
55
73
58
51
49
57
53
57
50
58
57
73
47
48
48
80
59
54
50
51
52
54
53
48
46
68
51
53
56
51
49
54
50
55
58
51
55
49
54
58
52
56
55
59
51
45
48
194
90
80
75
51
54
53
60
64
58
56
54
60
67
59
56
50
48
45
55
56
51
47
57
47
65
56
83
62
56
48
45
51
60
51
82
92
52
57
60
50
55
56
56
105
62
59
57
49
47
45
55
49
48
46
47
51
50
49
47
46
48
48
46
48
53
63
55
59
52
51
46
52
55
50
48
51
50
49
48
58
55
55
53
56
48
47
47
45
47
49
46
49
56
58
47
47
52
50
45
64
49
58
57
50
52
55
49
48
46
45
89
47
59
57
50
48
55
48
47
53
65
60
53
50
46
53
54
52
49
54
58
48
47
53
52
49
51
55
49
51
52
51
57
50
51
51
53
54
48
46
46
46
54
59
51
60
52
55
56
50
47
48
50
48
52
57
54
60
59
54
61
51
46
48
47
68
57
59
54
47
57
55
50
59
54
46
49
86
57
53
54
53
53
46
49
48
48
58
57
52
50
51
52
54
83
59
47
55
54
56
53
46
53
54
50
57
67
54
50
54
57
49
54
56
52
55
54
54
51
55
47
54
53
55
58
78
47
45
54
47
46
46
46
46
47
49
49
69
51
50
54
53
56
51
50
47
58
53
53
50
50
50
52
52
53
50
48
52
52
51
47
54
51
49
53
53
50
53
51
55
58
52
52
58
54
52
55
58
62
53
51
50
57
57
56
57
59
49
52
46
46
51
49
54
50
48
46
46
47
46
51
49
52
70
58
54
49
50
50
50
51
52
53
51
50
51
52
50
51
50
51
51
52
52
53
49
50
51
61
59
56
60
54
52
56
46
47
49
48
50
46
59
49
59
48
47
47
60
56
55
63
50
50
57
59
60
52
54
58
55
56
52
55
52
52
53
54
59
49
57
57
56
54
54
55
54
55
48
47
46
50
51
48
49
50
63
49
98
54
52
53
54
53
53
64
78
57
49
50
51
51
50
49
49
50
50
50
50
50
51
57
56
57
77
59
56
57
57
58
57
55
73
58
61
56
56
57
56
54
80
53
52
52
56
55
56
56
59
55
51
56
54
60
55
55
59
59
56
52
51
50
49
60
55
56
51
61
57
60
52
60
56
57
58
93
56
57
53
49
51
53
53
48
49
52
51
54
48
51
56
53
49
61
52
50
50
49
48
48
52
57
55
56
52
47
50
49
47
50
46
46
47
48
59
53
54
53
49
49
48
50
49
58
57
50
61
58
55
53
55
87
50
54
58
56
56
54
57
56
49
50
48
74
52
50
53
51
49
49
51
49
51
52
63
57
55
53
55
55
57
56
51
49
52
50
53
51
53
49
49
49
45
56
59
63
53
50
58
53
57
100
178
85
57
47
51
50
47
54
55
49
48
56
46
49
53
66
59
56
66
63
56
60
55
48
57
49
50
55
57
58
57
53
58
53
58
59
50
100
46
54
56
55
58
60
59
61
63
54
53
60
61
56
55
47
57
53
49
48
53
54
48
48
53
54
58
47
59
52
48
62
52
55
53
51
55
49
50
62
50
48
56
50
47
46
49
52
61
55
48
48
46
50
55
54
48
58
49
47
47
54
56
49
50
57
82
52
49
57
63
50
47
56
58
57
55
54
53
70
53
52
51
49
49
51
54
55
51
52
56
56
57
56
65
52
49
56
54
53
55
57
51
49
49
60
52
48
60
58
56
57
50
54
51
50
50
49
56
47
49
45
56
55
47
46
46
46
45
45
47
47
45
45
54
54
48
50
53
51
48
50
48
48
47
56
