4
5
7
12
5
4
6
10
5
5
5
6
7
17
29
5
4
5
4
4
4
4
4
10
4
5
4
5
5
5
4
3
4
5
4
4
5
6
6
4
6
5
4
5
5
4
9
4
4
4
4
5
4
5
5
5
4
4
5
4
3
4
5
4
4
5
7
4
4
4
4
6
6
5
4
4
5
4
4
7
4
4
4
7
6
4
4
4
9
10
11
4
4
10
5
10
4
3
3
3
5
4
4
4
8
6
4
4
4
6
4
4
4
5
6
5
4
5
6
4
4
5
4
4
4
4
10
4
4
5
4
5
5
6
10
5
5
7
4
5
5
8
4
5
5
5
4
5
5
4
4
5
5
5
6
6
4
6
4
5
5
4
5
4
3
4
6
4
3
18
6
5
4
4
8
4
4
6
3
4
7
3
6
4
4
4
5
4
5
6
4
4
6
4
4
5
4
4
5
5
5
5
4
5
4
7
5
5
4
5
4
6
4
5
4
5
5
5
7
4
25
3
4
46
6
7
3
6
5
4
4
6
5
4
8
4
5
3
4
4
17
5
4
5
6
5
8
9
4
4
4
5
4
8
5
4
4
5
7
8
4
4
7
9
4
11
14
6
4
5
4
6
4
3
3
4
5
5
4
4
5
7
5
7
27
5
5
7
5
10
10
10
4
4
4
4
4
4
4
4
5
4
4
5
5
5
4
4
5
4
4
4
4
4
4
4
5
4
4
4
5
6
4
5
4
4
5
5
5
5
6
9
14
5
7
4
4
5
6
4
4
5
6
5
5
5
4
5
5
5
7
4
4
4
4
5
4
4
4
7
8
7
5
5
7
5
4
3
6
4
7
5
7
4
5
4
4
4
4
4
4
4
4
4
4
3
4
4
5
4
4
4
4
4
4
7
4
4
4
4
4
5
5
4
5
5
6
5
4
3
4
5
5
4
3
7
6
6
4
3
4
3
4
4
4
3
3
4
4
4
4
4
4
4
5
4
5
4
4
4
4
5
5
4
4
3
4
4
4
5
4
4
4
4
9
7
5
7
8
9
32
5
4
4
4
5
4
4
5
4
4
5
10
4
7
7
7
8
4
4
7
5
5
5
7
9
4
6
5
10
10
5
32
4
7
13
10
4
4
4
4
4
3
4
6
9
4
29
3
5
6
4
4
4
4
4
23
8
6
6
9
4
5
5
5
4
4
6
5
6
5
4
3
4
5
3
4
4
4
4
4
3
3
4
3
4
5
7
11
4
5
5
4
4
5
4
4
5
13
4
6
4
5
4
5
4
5
4
4
5
26
5
11
4
4
5
4
4
4
5
5
4
5
5
5
5
4
5
4
5
5
4
4
4
4
5
5
5
4
4
5
4
6
4
4
4
5
4
4
4
4
4
5
5
4
4
5
5
4
4
5
4
4
4
4
6
5
4
4
5
5
4
4
7
16
4
5
5
5
11
4
7
5
7
6
4
5
8
4
3
4
4
5
7
5
4
4
4
5
7
5
5
4
6
4
4
4
4
4
4
11
4
8
6
8
5
8
10
4
4
4
4
4
4
4
4
4
4
4
6
5
5
4
5
5
4
4
5
7
6
5
4
5
5
4
4
5
4
4
8
4
8
4
4
6
4
4
3
4
4
4
4
5
4
5
5
4
4
6
6
5
7
4
4
4
6
5
4
6
9
6
4
3
4
4
4
5
4
4
4
6
6
6
6
6
5
6
6
4
5
5
5
5
7
6
4
6
6
4
5
4
5
4
4
4
4
4
5
4
4
5
5
4
5
4
4
4
5
5
4
4
6
4
4
5
4
6
4
4
4
24
4
4
10
28
5
6
3
4
5
5
8
9
5
4
5
4
4
4
10
6
5
6
5
4
9
5
4
5
7
8
4
4
5
12
4
4
5
4
4
5
4
4
8
4
4
6
4
5
4
4
4
5
8
3
4
5
7
5
4
5
4
4
8
5
4
9
5
9
10
4
8
9
5
5
4
4
4
6
9
6
5
5
4
4
5
4
3
4
4
3
4
4
4
4
4
4
4
4
4
7
7
11
4
4
4
7
40
4
4
8
5
4
7
4
4
5
7
4
5
4
4
4
4
4
11
8
6
4
5
5
4
4
4
4
4
7
4
5
5
4
4
4
5
5
5
4
5
7
6
4
4
6
8
4
5
4
5
5
4
4
4
5
5
8
5
4
4
4
3
4
4
4
3
9
5
6
4
4
4
4
4
5
4
4
4
4
5
5
4
5
4
4
4
6
3
4
4
5
6
