98
92
92
94
93
99
97
96
98
95
96
97
97
95
95
99
95
96
104
98
109
112
111
119
109
113
131
115
112
108
108
111
115
125
111
120
126
109
122
113
99
95
105
100
97
113
106
99
103
106
115
102
100
98
99
101
106
97
101
107
100
101
106
99
97
110
103
97
96
101
92
93
114
108
101
103
100
107
100
93
111
133
107
106
102
101
104
105
107
110
125
153
112
123
122
102
107
132
102
110
146
118
97
103
103
117
104
107
101
101
114
149
152
182
169
164
241
123
137
118
105
100
101
92
91
96
99
99
98
98
99
101
98
97
97
96
101
95
111
102
105
96
98
95
109
108
103
101
101
121
93
98
109
102
109
110
110
101
97
97
100
100
96
96
100
99
104
103
92
119
100
97
93
102
111
99
97
97
95
95
109
113
112
111
106
103
100
95
113
107
102
97
98
98
102
97
102
100
98
100
99
98
103
102
103
93
103
103
116
98
94
110
108
102
107
107
103
97
106
96
120
104
114
107
117
133
100
123
119
115
115
114
115
131
110
125
118
128
119
117
103
107
109
107
115
165
229
153
163
194
192
150
119
108
115
116
140
113
107
112
114
110
110
109
112
113
109
142
106
100
106
117
115
103
123
104
124
114
108
106
110
95
100
130
114
114
114
103
107
102
120
119
114
111
123
135
128
121
127
119
114
140
124
117
113
112
109
102
110
104
105
103
110
102
103
109
102
114
109
108
114
109
116
109
123
113
112
130
118
108
112
105
101
102
104
109
109
111
110
112
110
103
105
106
105
107
106
121
117
111
115
113
112
98
123
103
104
100
115
102
106
103
117
112
119
108
104
107
108
105
103
106
107
106
105
106
103
104
113
98
106
105
113
103
131
102
97
98
113
114
116
110
109
116
113
111
114
110
109
111
115
119
114
114
109
109
106
117
115
110
109
108
116
110
103
108
117
122
125
114
124
104
105
113
122
104
109
105
101
103
106
110
128
100
100
102
104
99
97
102
99
100
110
107
117
111
109
136
126
113
100
119
111
131
111
106
118
143
127
124
120
118
136
117
115
116
114
107
97
116
110
108
109
105
118
109
104
104
95
101
94
102
98
98
103
98
104
112
106
103
103
98
112
95
101
104
106
102
107
109
111
111
115
116
115
98
111
107
109
108
105
110
109
147
105
94
96
94
110
111
102
107
98
100
94
94
112
109
116
104
108
99
101
110
107
104
107
105
112
103
102
100
103
102
101
104
99
107
118
107
102
105
101
96
108
106
99
109
109
109
109
102
108
97
107
109
108
110
112
108
105
109
109
107
109
104
109
112
109
105
100
106
101
108
102
103
101
106
99
104
103
110
106
101
104
106
101
110
106
103
111
107
106
106
144
113
104
100
97
102
100
101
100
106
100
102
98
100
117
102
96
119
98
96
117
99
95
95
95
95
103
103
103
94
94
96
96
107
102
100
102
110
106
99
107
113
100
113
101
104
146
101
97
116
94
118
98
94
96
98
109
108
105
114
116
111
114
105
95
104
96
117
96
96
102
96
101
107
101
94
99
106
99
114
114
107
113
126
111
98
100
99
98
107
97
110
110
106
122
105
96
97
94
96
96
107
99
104
101
102
108
111
101
101
96
99
95
105
107
106
119
112
100
108
121
108
104
108
102
104
101
108
105
107
105
104
101
104
102
99
107
107
107
105
104
102
103
104
104
100
105
104
102
104
99
109
107
112
104
117
114
157
95
109
102
106
108
104
107
99
99
102
100
102
100
121
104
102
99
108
101
114
105
99
113
101
102
115
106
139
102
106
109
106
98
103
100
100
111
101
103
103
101
127
105
105
100
103
102
99
100
103
101
102
102
104
121
107
103
105
104
102
119
104
134
102
100
98
94
96
95
96
99
99
101
97
100
100
103
106
104
99
101
102
100
99
102
96
97
97
103
104
111
101
96
94
101
103
104
104
101
102
107
100
100
126
107
105
100
99
103
104
103
103
103
104
106
105
107
100
108
113
103
99
101
101
96
103
94
95
92
98
103
99
103
101
100
100
96
96
98
97
100
99
96
102
100
105
101
97
101
98
102
99
98
97
98
101
98
100
103
101
98
99
97
95
98
102
99
96
104
101
99
99
99
96
103
97
97
97
96
97
96
99
98
102
98
97
99
99
97
98
105
98
100
99
98
104
101
102
100
99
105
98
96
104
103
100
103
102
103
104
120
117
102
105
106
101
102
101
102
102
107
106
102
105
106
99
112
108
106
110
100
99
97
97
101
99
99
99
