75
66
86
72
72
68
74
65
72
78
119
67
67
75
102
86
105
109
113
128
68
69
89
66
69
73
82
78
72
85
71
66
67
74
74
73
76
78
75
67
66
69
71
70
70
66
66
80
69
71
89
78
71
73
72
70
69
71
70
69
63
70
63
79
60
59
59
66
66
72
73
70
73
64
60
67
65
65
64
64
70
72
68
73
70
72
67
72
67
62
64
70
73
71
71
71
65
67
65
70
72
70
60
59
60
60
68
64
68
70
64
67
63
71
66
65
65
66
63
65
75
71
79
69
67
68
66
66
61
71
61
79
63
73
67
64
67
64
64
64
65
67
63
63
63
62
74
64
65
63
64
63
65
64
60
62
64
60
65
63
71
66
64
65
63
65
63
69
62
63
66
65
64
86
70
70
68
69
70
70
69
75
72
74
72
69
73
68
64
66
69
70
67
69
75
72
70
65
69
61
64
65
87
72
72
73
66
85
69
71
72
69
69
72
75
73
71
61
82
65
71
67
67
82
72
68
71
74
61
66
61
73
60
69
62
70
65
73
63
74
66
67
72
73
69
69
68
70
71
73
68
68
67
66
71
76
74
68
73
73
74
66
65
72
67
77
74
62
63
74
67
85
67
69
69
66
67
67
69
70
65
67
69
66
95
76
73
68
68
74
68
70
65
65
64
65
65
67
65
65
67
64
76
66
68
67
64
64
64
65
67
65
64
65
64
65
66
65
67
73
75
69
71
72
70
70
72
64
71
65
73
69
72
73
71
70
79
74
74
74
106
72
70
72
72
70
69
69
66
68
67
67
71
74
70
64
66
67
64
66
73
72
70
71
67
64
63
66
63
61
62
61
61
72
66
71
68
100
63
71
69
65
67
65
73
89
70
73
67
64
61
65
62
64
69
66
64
65
66
70
64
62
69
62
67
62
63
72
64
73
62
64
66
68
73
69
61
65
64
65
72
62
64
64
62
62
65
76
77
75
63
62
67
80
71
74
74
74
72
70
95
75
64
76
67
61
73
69
67
67
68
98
65
66
67
67
66
73
69
75
71
72
71
61
61
63
61
60
65
66
76
66
71
66
72
69
63
66
70
61
62
61
62
66
64
62
69
65
63
62
62
62
77
74
74
73
80
70
68
73
60
69
65
75
67
65
65
71
61
69
65
64
68
65
66
65
62
65
62
71
62
66
65
70
74
63
63
67
67
62
67
67
64
65
65
68
73
66
64
66
62
64
68
63
69
69
68
62
62
72
103
72
70
66
66
63
62
66
63
62
107
70
70
72
75
67
68
70
72
70
73
71
64
70
66
66
66
68
66
62
68
71
77
63
61
60
60
60
60
60
62
78
70
70
68
68
76
73
62
65
63
69
63
63
71
69
62
64
66
64
67
69
69
65
62
66
65
66
65
72
71
74
66
63
61
66
61
70
64
64
60
62
63
64
65
64
78
65
67
68
66
62
64
65
63
62
64
64
64
71
63
62
62
64
63
64
74
64
71
69
73
77
61
82
74
70
71
70
67
65
65
89
67
68
73
71
79
97
74
66
67
70
70
67
66
65
73
65
64
70
68
66
73
65
70
69
66
64
72
76
78
70
68
67
67
85
81
70
68
71
64
60
67
59
69
61
71
71
69
91
69
70
66
80
72
64
67
72
68
72
68
71
68
68
65
62
64
69
67
63
63
72
60
67
99
70
62
60
59
67
72
69
67
66
65
67
66
69
69
69
70
65
62
60
60
62
67
60
61
66
66
62
69
71
69
72
101
66
68
67
65
81
71
75
70
69
70
66
67
71
75
67
64
76
66
60
60
71
71
64
70
65
65
64
66
72
66
70
65
64
63
63
97
71
68
68
67
69
73
69
70
68
68
67
61
108
66
68
65
67
64
63
61
65
65
63
63
63
74
60
65
69
65
64
64
63
67
62
59
60
59
68
68
69
67
66
63
64
61
59
61
61
68
67
126
63
66
63
70
69
65
65
65
67
63
59
63
60
69
66
64
63
63
63
68
70
68
61
63
65
70
65
64
66
68
69
61
68
70
65
65
74
66
72
78
64
71
60
62
61
67
67
63
61
67
62
74
69
64
61
61
59
59
66
67
67
68
67
60
65
59
73
61
63
65
72
70
69
63
65
65
66
64
62
65
64
64
63
64
61
65
63
71
69
65
65
61
67
70
64
67
66
60
64
65
64
62
69
68
64
70
64
64
60
62
60
60
69
69
60
69
68
68
61
65
64
68
65
63
60
66
62
65
68
63
61
60
64
61
60
