113
105
106
106
99
117
93
148
102
103
103
98
98
97
107
100
119
107
101
103
107
109
126
132
106
103
102
124
118
113
117
125
117
117
118
105
112
128
102
102
117
111
105
103
106
110
99
105
97
95
100
112
121
101
123
127
108
105
101
99
100
101
97
98
104
96
97
98
96
101
98
120
97
105
97
105
101
103
96
106
96
110
114
122
123
106
107
101
100
103
97
100
100
101
97
104
106
103
109
103
128
101
101
127
100
136
132
103
114
110
118
245
135
180
108
107
96
114
97
101
107
100
95
100
99
96
101
97
101
99
97
96
100
98
102
96
96
98
110
101
110
98
104
102
93
105
102
100
99
100
109
110
103
102
104
103
97
99
100
100
107
96
98
101
101
100
97
108
104
92
94
102
102
97
91
101
93
91
95
96
100
100
102
102
112
101
98
98
104
104
110
100
92
94
105
110
108
103
100
103
103
98
99
97
99
110
102
100
97
104
100
117
102
114
113
106
124
101
103
98
109
109
104
105
117
115
108
104
118
138
174
180
133
166
154
225
102
104
98
93
108
109
108
108
109
109
107
108
105
108
103
108
105
103
104
112
103
113
114
102
100
101
100
101
105
96
115
100
103
105
108
104
104
106
109
102
102
101
101
104
103
103
139
103
111
111
103
103
106
104
104
108
102
105
104
103
103
144
103
103
102
103
108
101
102
106
102
106
100
109
123
109
105
108
111
111
111
112
106
102
117
104
111
108
109
112
113
111
127
115
105
109
111
111
110
109
110
122
112
115
109
107
107
95
120
110
109
106
108
107
103
102
101
101
108
104
101
94
95
94
108
101
102
101
102
103
113
100
103
102
102
103
109
124
97
109
102
102
102
100
101
107
110
107
110
99
114
108
108
134
111
107
100
111
99
97
105
94
100
97
96
107
108
107
139
108
104
105
100
96
96
95
103
96
100
97
97
101
95
97
96
96
98
95
117
102
112
107
104
107
98
104
97
98
100
112
100
109
110
106
105
103
108
105
108
107
112
119
107
112
136
107
99
96
98
107
104
102
104
104
104
105
105
104
98
97
117
102
98
95
96
113
104
108
96
96
107
106
113
109
141
108
112
108
98
112
108
100
101
102
105
100
113
108
108
105
110
105
108
105
100
101
99
104
107
98
109
105
105
100
102
97
112
96
94
112
104
94
93
101
99
115
103
96
95
106
104
99
98
98
100
104
99
97
99
102
97
102
104
97
100
105
105
106
104
100
110
104
107
98
106
103
103
96
97
99
109
100
97
102
101
96
150
128
104
106
100
99
103
118
94
94
101
94
95
93
93
93
98
93
102
104
106
106
107
106
114
108
108
95
126
106
97
100
98
98
108
99
98
105
117
106
103
139
104
107
112
107
98
102
99
102
102
96
99
102
108
105
100
104
99
101
110
97
99
102
101
101
115
104
133
109
107
102
100
97
99
102
99
101
103
98
133
108
104
99
106
98
100
99
104
97
99
101
103
110
95
97
96
94
93
95
108
103
100
98
94
114
99
124
108
105
98
101
99
104
99
101
108
102
98
93
112
98
106
95
92
103
95
101
101
101
100
93
97
93
103
101
93
94
99
98
97
98
104
99
94
92
92
107
102
99
96
98
98
98
104
94
100
119
99
100
114
111
107
95
103
112
97
96
101
106
97
96
98
97
100
100
94
98
99
101
97
97
96
93
93
95
99
100
102
100
103
107
102
104
103
103
107
106
116
104
104
99
100
93
99
100
99
103
93
100
98
107
106
103
97
101
108
102
99
103
101
98
97
97
102
97
98
93
94
95
103
106
106
101
98
99
102
104
98
102
98
102
104
100
128
98
102
94
107
98
104
100
101
98
101
100
101
129
99
110
105
106
98
109
104
98
105
106
102
97
105
105
101
106
95
102
111
102
103
101
101
107
97
129
102
101
105
98
95
92
92
94
92
98
97
107
109
126
96
104
105
102
105
98
103
106
106
97
99
98
99
104
103
102
102
103
103
107
99
99
104
102
105
110
101
102
95
100
96
98
100
103
102
98
104
111
99
101
97
108
99
97
97
99
99
99
97
97
108
105
100
98
100
96
103
94
109
114
109
116
105
120
105
98
112
101
102
101
99
105
104
125
107
99
93
92
93
93
96
104
103
100
100
98
98
99
99
102
102
99
97
92
104
102
97
96
107
95
93
92
94
94
98
106
98
103
104
104
101
96
103
93
94
96
99
94
94
92
102
94
93
93
98
99
100
104
104
97
99
102
97
95
98
108
96
105
96
95
