28
8
37
11
11
8
15
13
15
10
15
13
11
18
17
22
16
8
8
8
14
16
10
11
10
10
10
14
13
17
7
8
7
14
8
10
8
7
10
9
10
7
10
9
8
9
10
12
16
10
16
8
11
10
10
10
10
9
9
9
6
14
11
12
8
8
13
8
13
10
8
9
8
8
8
14
8
11
39
16
11
12
10
13
8
8
7
7
9
8
14
7
16
7
12
13
13
7
9
9
8
8
7
7
14
17
17
11
10
9
11
10
10
9
9
8
11
14
13
13
13
14
13
14
12
13
13
12
89
8
8
7
8
8
7
7
16
7
7
9
8
8
10
10
10
9
9
9
7
8
7
7
9
8
11
7
8
8
9
11
8
7
7
10
16
8
7
10
7
7
10
8
8
13
13
8
8
8
7
9
25
9
11
20
19
9
10
10
10
7
13
15
11
11
12
15
11
9
9
12
11
13
17
14
14
32
16
13
9
10
9
12
8
9
18
13
18
14
11
11
9
9
8
11
13
15
14
11
8
9
17
8
8
18
7
14
7
8
7
7
9
8
9
8
13
8
8
8
7
8
15
11
11
10
8
8
11
12
7
9
14
8
7
8
9
14
10
8
11
10
10
9
8
8
11
7
12
14
13
7
11
8
8
14
14
15
9
8
8
9
6
7
15
8
7
8
7
12
8
9
14
13
16
14
15
20
8
9
13
14
15
15
14
8
38
10
9
10
9
10
10
12
8
8
9
7
9
9
9
11
9
9
16
14
9
9
12
16
11
11
15
15
8
13
10
13
11
9
13
9
8
8
8
9
9
9
10
10
11
9
9
9
8
8
19
12
10
12
9
9
7
7
7
8
12
8
9
14
8
8
10
16
11
13
11
24
8
11
8
10
10
12
14
11
16
9
22
9
16
16
16
16
14
13
15
10
9
9
7
7
8
7
8
9
11
13
8
8
8
9
7
7
10
9
12
14
12
24
7
15
25
9
9
8
11
11
9
9
8
12
7
7
8
7
8
8
7
16
13
7
7
7
8
7
7
10
14
7
7
9
9
7
7
13
8
11
8
9
7
9
8
14
10
10
11
17
34
10
13
53
8
8
8
12
11
10
12
10
11
12
10
10
9
8
9
9
8
7
7
10
16
11
9
9
11
9
9
10
8
15
8
12
9
12
9
9
9
7
9
11
9
8
10
7
8
9
8
8
8
7
8
15
9
42
14
10
10
7
7
9
9
8
8
9
21
8
16
7
9
8
11
8
8
8
8
7
15
8
14
7
9
8
7
10
7
8
9
9
9
7
9
13
8
7
8
8
9
10
9
10
9
10
10
10
10
9
10
11
9
8
10
19
13
10
10
10
11
11
11
9
11
10
9
15
8
11
8
8
11
12
9
11
10
11
9
8
8
13
8
10
16
13
7
14
8
7
8
7
10
8
8
8
8
9
8
7
7
7
10
16
10
8
15
9
8
17
8
7
8
8
7
7
9
16
10
13
10
11
11
12
10
12
11
9
11
9
7
7
7
8
8
8
9
12
9
8
15
14
12
15
10
16
15
7
15
10
16
16
14
14
12
10
10
8
10
7
10
8
8
10
15
9
8
9
9
7
8
10
8
7
9
7
8
7
8
8
11
8
8
7
8
9
7
8
8
8
9
13
12
8
11
10
11
9
9
8
8
9
10
13
8
9
9
9
13
22
10
10
8
8
8
7
9
8
15
15
8
8
9
14
10
7
8
7
7
7
8
8
9
11
9
9
9
7
7
7
15
14
15
20
19
14
16
12
13
9
11
11
10
8
11
19
7
9
9
9
8
8
11
7
14
8
7
7
7
7
8
7
7
7
7
9
7
8
7
8
13
11
7
7
8
8
8
7
7
8
8
9
8
8
6
12
7
9
14
8
7
7
10
8
7
7
8
13
13
11
8
7
8
7
8
7
8
8
7
15
9
9
7
7
7
10
7
8
7
7
8
12
10
8
8
8
12
7
10
9
8
7
8
8
10
8
8
11
7
7
7
13
12
14
12
8
8
15
7
8
8
8
8
9
12
9
10
13
7
8
8
8
24
10
8
15
8
13
11
16
8
10
8
8
7
8
8
9
8
11
8
8
7
7
7
7
8
7
8
7
10
15
8
13
30
27
7
15
8
8
8
12
10
8
7
8
8
7
7
9
7
9
7
7
16
11
8
8
7
8
7
38
8
14
13
7
7
7
8
7
9
7
8
9
9
12
9
7
7
8
8
7
8
7
10
7
8
7
8
9
14
10
10
9
