55
65
39
25
34
25
24
23
30
29
32
30
35
30
27
32
32
28
28
23
26
27
25
23
26
26
31
29
29
25
25
31
31
27
25
24
26
34
54
24
39
34
31
33
37
31
29
29
33
31
27
27
26
27
28
27
26
46
28
27
25
25
36
25
28
27
31
29
27
24
24
24
38
33
30
31
26
24
30
31
26
32
33
32
63
25
26
34
25
26
27
25
26
31
30
26
28
30
26
24
34
30
30
32
27
24
29
25
23
24
43
26
28
29
27
28
29
28
29
32
44
27
26
32
25
27
29
25
33
26
34
27
27
26
24
27
32
23
25
31
26
28
24
26
26
27
25
26
25
26
31
26
27
26
25
23
27
24
23
23
32
26
26
25
25
23
29
25
24
33
32
30
29
25
25
43
31
26
23
26
77
32
32
32
32
50
37
31
30
32
31
33
31
29
32
30
30
27
26
25
32
27
30
28
26
28
34
47
38
32
29
27
29
28
35
27
28
31
26
27
35
30
25
26
33
30
32
24
33
24
24
24
33
28
24
24
27
27
24
29
25
26
25
91
25
25
33
32
28
27
26
25
23
27
25
24
24
23
24
25
25
24
25
24
26
71
28
26
24
25
29
28
26
33
24
24
23
24
27
25
27
35
26
26
26
29
26
24
25
24
27
25
26
35
32
26
24
34
26
35
26
25
31
25
26
26
29
32
31
31
31
26
24
26
25
28
29
33
26
28
32
29
29
29
25
30
27
25
25
24
25
25
28
29
30
26
25
28
25
82
32
28
26
27
24
25
33
25
25
24
33
34
24
28
27
26
25
24
61
27
29
34
32
32
31
30
27
29
27
24
23
30
32
32
26
28
54
36
28
30
35
37
29
25
32
32
29
28
31
26
26
32
30
28
33
31
33
32
32
33
24
25
24
26
26
24
26
24
32
33
31
31
33
31
27
25
29
28
32
26
32
39
32
24
24
27
34
29
28
28
25
33
25
30
34
31
30
34
27
25
25
27
27
28
28
26
25
31
28
33
27
27
30
27
29
24
29
31
25
27
32
32
29
26
29
26
25
25
24
36
29
30
34
28
26
25
32
25
47
28
30
33
29
28
25
24
29
48
28
26
24
29
25
28
33
33
32
26
28
37
30
25
25
27
33
30
28
29
27
29
29
41
26
25
25
24
24
24
34
32
29
28
31
31
30
24
28
31
32
33
33
29
25
29
25
24
28
34
26
28
33
33
33
27
25
25
26
26
28
40
72
29
36
27
28
27
29
32
34
35
27
32
26
25
26
32
38
33
27
30
28
26
34
36
32
33
34
32
35
33
33
31
26
26
45
28
31
29
28
32
33
31
27
31
30
26
26
26
27
26
26
27
26
37
25
32
34
26
28
34
34
33
25
27
27
34
35
31
31
32
27
25
28
27
32
24
28
27
25
24
24
25
31
33
38
28
26
29
29
27
27
28
28
25
30
28
28
27
29
27
26
24
24
24
24
25
31
41
24
30
27
26
29
32
28
30
32
30
27
27
24
31
26
27
30
26
25
24
79
30
28
26
32
27
25
25
27
26
25
24
24
33
33
31
32
32
86
26
30
29
30
29
28
28
25
31
30
28
32
29
28
27
26
24
25
33
33
27
28
27
24
24
24
25
29
28
33
25
35
32
33
27
33
32
39
65
30
31
33
34
33
33
38
33
31
31
32
32
29
31
33
26
28
26
26
26
24
29
24
24
23
29
24
24
26
31
26
24
27
25
40
27
25
35
27
26
23
24
27
26
27
26
28
23
26
25
26
33
33
24
35
24
25
28
28
28
29
29
23
24
33
29
34
31
48
30
30
25
28
28
29
32
26
26
34
28
28
26
26
25
26
32
34
38
32
25
32
31
33
33
29
33
31
24
66
35
32
30
30
39
34
32
32
24
27
28
24
23
26
25
26
31
37
33
24
30
31
39
26
28
30
26
30
27
25
29
27
34
41
36
31
32
30
29
29
35
32
31
35
25
25
30
32
35
26
25
30
28
28
30
31
32
63
33
29
32
34
50
40
27
24
33
24
32
30
25
32
26
56
40
28
37
37
31
26
25
27
27
38
34
31
36
49
38
41
36
33
32
35
31
27
31
28
34
32
28
47
24
35
33
28
28
40
26
31
27
35
32
27
27
28
28
27
32
26
26
28
33
34
32
25
23
45
32
26
34
32
33
26
27
34
34
26
30
24
25
24
31
32
30
41
27
34
31
31
31
32
26
28
35
31
31
27
26
31
36
33
33
36
36
