92
84
101
97
64
48
45
66
61
48
44
81
59
57
49
52
59
42
44
83
53
46
43
45
43
44
44
45
42
55
47
50
54
46
50
43
69
47
42
45
45
48
118
71
73
71
59
47
46
57
56
57
46
41
43
49
52
47
51
39
48
77
45
45
44
43
47
39
41
40
40
41
39
38
43
44
42
46
52
44
43
42
40
86
46
40
53
40
48
39
42
46
47
40
40
39
50
39
39
43
39
74
93
55
47
43
41
40
79
58
89
48
39
49
39
66
37
48
44
52
42
44
57
39
44
40
43
41
41
39
51
37
38
45
43
50
40
42
40
43
71
73
68
62
50
47
48
49
51
81
65
55
67
63
71
70
61
52
64
67
39
43
56
40
52
50
56
43
40
46
50
48
47
47
55
49
48
46
46
55
41
53
49
47
48
39
40
48
41
40
41
51
43
49
44
46
53
56
47
53
50
52
56
58
52
50
59
50
55
51
52
56
53
54
68
51
50
48
59
52
47
56
49
39
47
51
56
90
74
63
67
73
169
89
93
95
92
49
45
45
59
53
47
45
47
44
52
52
48
47
42
40
43
40
42
51
40
39
50
39
43
47
46
45
45
43
45
41
52
44
46
52
49
45
44
51
45
48
44
51
52
48
54
41
54
53
52
47
42
43
44
45
43
55
40
44
41
51
46
47
42
41
40
40
41
47
59
48
46
51
44
40
45
44
50
48
48
44
48
53
43
42
42
50
55
43
49
63
56
52
54
56
47
47
44
44
49
55
45
42
68
49
48
51
40
43
42
48
49
48
49
48
62
48
48
83
75
57
42
42
51
42
43
43
43
45
47
42
41
43
42
39
40
42
46
40
46
43
45
60
59
44
42
52
56
47
56
47
42
49
52
51
71
45
43
44
47
50
44
48
58
55
65
49
56
51
46
44
41
47
43
55
47
41
44
40
40
47
41
48
48
50
53
45
40
43
45
52
50
85
47
44
38
40
45
43
51
41
65
47
46
40
70
73
56
46
51
48
56
51
49
46
47
41
43
49
52
51
48
50
43
54
44
45
46
43
46
56
40
43
46
45
54
42
43
41
41
45
40
40
42
39
42
40
42
86
56
41
41
53
42
44
39
44
52
51
59
57
50
54
53
51
56
49
51
50
54
59
44
48
56
51
49
54
43
42
40
43
51
47
46
44
49
48
47
49
47
54
45
54
48
47
46
50
45
52
52
42
40
42
45
42
42
46
79
44
50
46
44
49
41
46
40
56
41
51
44
47
45
45
55
46
52
47
46
42
44
44
38
68
51
56
42
40
40
47
48
48
45
42
45
41
40
41
41
51
39
43
43
47
42
46
48
79
44
46
43
51
48
44
47
40
45
50
54
51
44
45
55
50
47
46
44
49
51
48
46
50
50
48
46
44
39
43
53
40
46
40
45
43
42
43
44
44
39
39
39
41
43
51
43
43
52
47
47
44
44
41
43
46
43
45
47
49
45
40
42
49
46
42
48
45
41
45
42
51
49
47
43
46
41
44
42
48
46
47
47
48
41
44
41
48
53
50
42
46
47
51
48
55
49
80
45
42
48
49
52
52
50
41
41
50
48
44
47
44
41
43
46
45
42
42
43
50
56
48
51
50
54
47
44
46
40
41
42
48
49
49
54
45
39
46
40
48
55
93
53
49
39
49
42
46
42
49
45
48
43
40
45
44
53
39
47
53
51
43
50
43
50
45
48
48
43
46
46
53
43
43
44
42
42
49
47
46
46
52
48
45
43
50
42
52
43
46
46
42
39
43
44
38
43
49
50
50
46
39
43
91
49
47
57
41
76
46
51
49
57
51
46
51
72
47
43
38
47
50
60
44
38
47
48
44
61
40
42
46
44
40
72
46
38
51
46
48
60
42
43
39
42
43
40
70
48
42
39
48
49
47
40
42
39
39
46
45
45
41
41
44
46
46
64
40
42
40
42
45
41
80
47
46
41
39
56
39
39
48
66
47
48
47
47
72
38
49
53
43
43
46
39
47
45
45
43
41
75
42
54
51
46
43
45
47
52
42
46
48
41
62
42
42
42
41
50
40
42
41
40
39
50
47
44
111
43
41
48
49
48
40
50
51
55
57
47
38
39
44
49
50
45
43
43
48
42
42
49
40
39
40
52
39
46
42
43
46
39
39
40
39
37
38
51
45
48
41
39
44
47
41
41
38
46
49
44
46
78
46
45
44
46
45
42
42
45
53
43
42
48
47
37
39
38
37
39
39
46
46
47
45
41
44
