112
117
177
116
141
133
103
109
96
102
78
98
85
79
166
102
92
112
123
143
79
81
85
79
78
86
80
88
81
76
84
87
83
115
120
107
120
100
94
84
87
126
100
94
84
94
87
81
86
83
88
77
80
86
92
86
99
92
88
77
158
101
101
84
77
78
84
81
81
81
81
79
89
86
87
100
90
92
79
79
89
82
81
82
79
83
81
89
97
88
85
80
79
81
108
108
83
85
82
79
121
88
91
95
118
172
104
97
111
107
82
131
87
81
84
103
98
121
149
92
91
83
81
84
85
82
80
81
82
86
85
80
84
81
80
93
84
85
80
89
118
143
137
124
112
134
123
132
133
154
135
129
117
132
127
116
116
100
95
95
80
105
84
80
82
78
78
95
87
75
80
80
77
88
88
85
80
80
86
89
84
88
86
92
83
83
80
87
77
89
77
92
85
87
95
95
100
94
92
84
137
128
123
129
109
108
109
102
108
118
117
105
106
114
119
111
105
102
111
111
99
87
98
116
124
96
105
90
117
149
155
155
142
120
134
153
89
84
114
146
90
87
91
81
143
121
100
103
103
101
92
98
96
94
98
85
100
97
88
84
95
95
85
97
98
96
103
98
88
96
81
94
104
102
94
98
88
97
91
88
81
88
83
90
105
114
102
114
105
99
104
89
97
96
82
91
87
88
93
87
94
97
95
94
95
129
101
94
91
97
91
93
91
83
82
88
97
89
99
92
90
85
105
105
92
97
93
89
92
93
85
87
87
88
99
114
88
85
80
84
80
99
83
94
86
88
95
110
109
99
102
95
90
116
110
93
102
100
118
151
146
167
154
134
141
160
194
176
124
109
96
120
110
90
99
92
94
91
95
105
105
144
130
144
137
135
123
130
111
100
98
94
102
90
92
103
107
84
93
92
95
86
83
103
87
98
97
93
116
96
110
85
91
86
91
84
78
94
98
85
95
89
89
95
93
136
93
90
89
85
82
107
92
93
90
91
90
92
107
91
88
92
105
106
87
88
86
85
99
86
94
87
88
87
91
112
98
97
93
88
95
80
92
94
104
93
131
87
88
92
87
100
96
89
95
84
89
86
81
81
89
85
89
89
90
101
88
82
90
100
96
96
101
110
105
101
102
94
89
91
87
89
88
86
98
91
88
106
93
92
92
94
89
89
88
98
87
93
84
86
89
84
98
97
91
90
89
85
96
83
83
95
89
98
102
96
85
88
94
97
87
99
97
95
99
101
95
94
84
91
87
83
83
94
86
86
96
93
91
89
123
95
82
93
86
86
87
100
85
85
86
88
86
93
90
89
86
88
90
93
90
103
94
81
85
87
92
82
97
87
89
96
95
89
92
97
87
100
112
122
139
126
105
104
92
109
112
104
98
116
116
107
108
111
101
100
100
93
101
98
102
91
97
89
91
117
91
95
95
104
93
93
97
101
93
94
100
104
92
93
83
106
107
97
98
97
103
96
94
95
100
103
96
95
111
123
104
92
102
93
95
103
95
94
106
104
97
104
98
107
109
108
121
89
88
102
102
141
101
108
91
108
109
106
104
110
104
111
129
89
87
117
93
88
87
90
102
106
98
102
101
98
88
94
90
90
88
97
93
87
87
88
94
82
78
80
95
89
96
95
84
81
94
85
100
88
86
84
91
117
104
93
92
97
94
87
94
94
81
88
84
84
92
87
92
84
85
83
84
84
84
84
102
89
95
87
82
84
86
103
91
88
80
92
91
95
113
98
94
100
91
88
94
100
84
81
84
91
93
92
84
91
86
89
88
87
90
91
87
90
93
88
88
89
101
84
91
87
86
86
97
115
98
123
92
78
82
77
104
87
86
108
81
86
87
86
110
85
84
84
86
97
92
90
85
87
88
86
83
92
82
85
83
85
82
90
87
85
86
86
90
90
122
96
95
128
102
96
95
95
100
85
77
86
86
85
87
83
90
87
88
82
85
82
87
88
76
83
90
93
88
88
85
80
87
77
99
80
89
82
84
83
243003
92
82
98
87
141
80
85
80
83
86
86
86
108
82
80
85
76
90
86
83
82
88
82
93
90
84
96
90
81
90
83
80
110
106
120
119
101
97
81
87
86
95
83
89
91
83
90
88
95
88
85
86
106
82
93
86
82
81
89
83
83
82
85
81
85
104
86
86
85
91
87
92
84
87
79
89
95
87
91
86
87
88
90
84
79
76
77
80
76
83
80
83
86
88
82
95
87
85
83
86
84
82
83
82
82
95
91
83
88
80
82
86
89
84
84
113
88
