135
140
111
122
99
105
79
93
75
82
71
78
101
123
111
95
105
82
74
98
69
71
89
70
78
70
79
70
73
67
71
70
80
69
75
67
69
68
73
67
71
76
75
73
78
69
75
72
89
80
79
76
76
68
72
70
68
70
63
63
68
70
75
71
69
69
65
70
73
69
69
69
65
66
69
76
81
65
75
67
80
104
74
64
66
65
68
106
104
100
145
90
135
113
107
116
139
95
100
160
67
99
88
69
70
109
135
67
90
108
107
73
104
121
86
116
94
71
70
128
71
71
63
73
66
73
76
74
67
72
83
73
82
63
97
74
69
69
63
68
67
63
68
69
74
81
70
89
85
69
82
80
65
79
67
64
89
63
65
92
73
69
74
66
76
72
67
73
69
67
70
73
82
73
68
68
71
77
70
70
67
68
74
74
73
72
72
78
71
73
77
73
70
75
72
85
97
81
77
81
84
82
83
81
80
86
93
80
85
82
91
82
94
98
96
91
92
90
86
90
72
66
65
69
72
77
79
68
68
102
67
76
68
103
95
77
72
81
72
70
77
94
90
77
78
87
76
73
73
73
70
77
80
72
87
88
83
88
80
106
74
74
77
67
78
76
79
71
77
80
90
94
77
66
80
86
86
77
82
76
67
82
71
68
68
71
76
74
78
85
82
77
73
80
68
76
76
71
68
70
65
76
80
83
87
74
76
67
77
72
68
70
66
69
72
75
69
81
65
83
72
73
69
76
68
70
72
73
73
71
78
84
91
96
99
71
71
73
70
77
71
75
70
72
86
69
84
81
84
83
70
76
74
72
79
70
74
80
81
72
75
72
84
75
78
73
65
70
77
83
82
83
79
75
81
85
81
82
71
105
82
84
72
74
79
86
108
92
86
81
89
82
69
74
106
82
73
74
80
78
88
75
85
73
75
75
79
89
66
80
87
88
65
86
76
69
71
64
76
84
71
70
71
77
83
64
71
83
97
72
74
84
85
78
84
88
73
75
74
77
65
74
68
71
77
81
75
79
73
85
74
69
75
72
80
71
78
72
75
79
89
88
80
88
83
71
67
81
78
69
73
77
79
79
78
79
71
62
68
70
77
85
86
86
74
75
76
75
78
79
81
71
75
70
69
67
93
71
74
73
69
68
70
66
69
76
67
73
73
82
78
69
78
73
68
71
84
82
78
76
71
69
76
74
71
71
75
104
71
76
74
67
76
81
76
70
69
72
67
68
85
66
80
74
92
84
81
75
78
76
70
77
75
70
76
70
73
72
87
73
75
74
74
68
73
74
73
78
72
65
72
92
73
82
80
79
71
66
72
72
64
71
70
74
77
82
77
78
65
78
75
75
71
84
72
74
69
69
71
66
71
71
76
79
70
75
77
94
92
80
83
81
92
79
81
80
76
69
75
76
75
83
68
67
70
78
73
75
70
76
68
74
74
76
73
76
84
67
73
71
76
77
77
73
79
69
77
88
80
81
69
73
67
66
71
77
70
79
68
70
72
72
64
110
81
84
76
68
76
70
75
64
69
78
76
71
71
87
77
68
74
78
76
70
69
68
75
78
79
76
81
73
78
81
68
75
66
71
71
69
67
70
83
81
76
79
88
73
74
70
76
68
65
74
74
67
76
73
84
70
76
77
75
73
74
72
68
69
72
74
68
69
70
68
68
86
80
73
76
69
72
68
69
74
83
89
108
95
81
76
80
93
77
111
81
82
78
72
73
76
75
69
64
65
75
86
66
70
83
75
74
71
71
70
72
74
75
81
69
67
63
78
77
73
69
71
70
77
78
79
82
67
70
80
75
100
76
69
77
77
75
76
67
70
73
67
76
72
65
89
70
72
69
76
81
69
87
66
74
84
70
75
72
72
73
82
68
78
67
66
66
65
67
67
68
77
71
71
65
73
70
73
92
66
74
70
88
71
73
71
70
75
65
73
67
70
68
68
77
68
78
67
69
67
66
64
68
66
66
67
66
67
73
71
94
71
79
69
66
65
67
68
73
71
75
78
79
89
67
71
92
79
72
72
77
72
68
65
65
64
69
65
65
71
72
63
70
63
70
74
66
64
65
66
74
95
74
66
66
66
65
66
65
73
72
68
71
78
77
73
85
78
77
66
66
67
70
75
64
65
65
66
74
75
77
78
65
73
71
71
77
67
66
70
71
72
86
75
71
78
78
66
64
70
66
72
67
66
74
67
94
71
68
73
70
74
68
81
76
74
72
66
74
75
77
70
72
72
76
70
66
75
74
68
72
82
71
97
76
69
