13
9
12
10
9
9
9
20
10
14
9
29
11
9
42
10
10
30
11
10
11
9
9
10
9
8
10
9
9
8
9
17
12
13
12
9
18
18
15
9
10
10
10
9
13
9
10
9
9
12
9
9
9
9
9
10
10
9
11
10
9
11
9
15
14
17
16
9
15
9
9
9
9
10
9
8
10
9
11
8
10
9
9
10
9
9
10
9
8
10
16
9
9
8
8
8
14
8
8
9
14
22
14
15
12
19
9
9
23
9
9
25
20
10
10
9
9
10
15
16
9
9
9
8
8
10
8
9
8
9
8
9
19
9
16
12
8
11
11
11
9
12
11
11
9
19
10
8
9
11
16
9
9
10
14
8
9
11
10
10
9
15
8
10
19
15
15
9
10
10
11
10
16
10
8
9
8
9
8
43
12
12
14
12
8
30
16
15
14
15
14
9
10
12
10
9
9
10
10
11
12
9
51
27
10
13
12
11
15
10
13
10
10
10
12
11
10
9
16
11
9
10
11
24
15
10
29
12
9
12
13
10
9
17
13
9
9
16
13
9
16
9
9
10
17
11
9
9
8
10
10
14
10
18
16
13
11
10
8
10
16
10
16
10
12
9
9
9
21
15
16
16
74
10
14
14
16
13
11
12
13
10
9
16
12
16
9
16
9
19
11
12
11
15
9
9
10
16
10
17
11
12
12
9
9
19
9
8
9
11
14
9
10
16
16
9
10
10
8
11
10
10
9
9
8
16
10
9
9
9
10
8
10
9
9
9
9
9
10
9
16
38
11
11
11
11
8
13
12
9
38
9
10
11
9
12
10
10
10
11
14
12
14
9
11
9
10
10
9
13
15
14
9
9
8
13
9
9
14
14
17
14
11
12
13
9
11
12
9
9
9
8
9
9
9
11
10
10
9
10
16
14
9
12
9
9
9
17
10
11
16
9
16
18
11
10
9
9
8
9
9
12
10
9
9
9
8
9
9
12
11
9
13
12
15
9
11
12
10
9
8
9
9
14
9
16
13
12
10
20
12
16
12
10
10
9
17
16
9
17
16
14
12
9
9
18
9
16
19
9
10
9
11
11
9
10
16
9
13
12
10
9
16
16
12
14
10
10
9
9
9
10
10
9
10
11
11
19
16
15
11
10
9
11
11
11
10
9
9
9
10
9
10
18
9
14
36
17
10
9
9
11
10
9
8
8
9
9
10
9
10
10
11
9
10
9
10
9
9
9
8
8
8
9
9
9
10
17
11
10
14
10
10
9
9
12
9
10
9
9
8
13
10
12
15
10
14
41
9
9
10
9
9
9
10
14
16
12
9
15
15
12
10
9
13
9
15
9
9
9
12
11
9
9
12
13
12
10
11
10
9
35
9
11
9
9
17
43
11
9
9
10
9
15
16
16
42
18
15
11
9
9
9
9
9
17
10
11
11
17
10
10
13
9
9
17
12
9
10
9
17
15
8
10
9
10
9
9
16
10
9
10
9
9
10
18
10
18
12
13
10
10
10
10
9
11
9
11
10
9
10
10
11
10
9
9
9
16
8
10
12
10
9
11
9
10
10
10
10
10
10
9
10
9
12
10
14
16
18
9
8
10
9
9
8
9
15
15
10
9
9
8
9
9
8
9
11
10
9
8
14
15
18
11
10
17
11
9
9
11
10
18
8
9
10
10
10
46
15
8
9
9
8
10
8
9
9
9
9
9
10
17
13
15
12
18
10
14
10
9
10
15
13
11
9
10
9
10
11
12
12
9
10
11
9
10
12
16
15
13
41
9
8
9
14
13
10
13
10
11
11
14
10
10
9
11
10
13
9
10
21
10
17
9
15
15
9
11
9
16
10
17
13
9
10
9
9
10
9
9
15
10
9
10
9
9
9
9
11
10
10
9
10
10
15
11
9
19
11
15
38
12
9
9
17
10
17
11
10
10
26
19
9
12
9
9
10
13
10
10
9
10
8
8
9
8
9
11
9
10
19
9
9
18
16
11
16
13
11
22
9
9
14
10
10
13
13
14
28
19
9
12
11
11
10
10
9
10
10
9
10
10
14
10
9
9
18
14
11
10
9
10
18
16
9
10
9
9
11
10
17
10
38
11
10
9
10
16
16
9
10
10
9
33
10
9
8
9
10
9
8
10
9
10
11
15
12
15
12
13
10
10
10
15
15
10
14
9
15
12
10
12
10
10
9
10
11
14
9
9
12
9
10
10
10
12
10
9
10
9
11
11
18
12
9
9
10
9
11
11
10
15
12
17
13
11
10
9
9
10
