26
28
45
20
25
25
24
42
38
25
24
24
27
25
27
24
24
25
26
23
28
22
22
23
28
22
27
23
24
30
33
25
25
27
28
31
34
25
25
25
22
22
21
20
20
21
21
25
31
22
25
31
24
22
26
23
22
29
28
30
21
19
20
19
20
20
20
24
22
20
19
20
20
20
26
29
31
28
27
27
20
22
26
22
23
21
20
21
20
21
22
24
22
30
21
23
20
20
20
24
27
28
45
47
89
66
37
29
32
26
66
68
58
36
26
22
21
21
30
41
21
20
23
23
37
21
21
26
31
21
23
21
28
21
20
22
27
21
20
20
33
38
33
25
24
29
38
43
44
43
35
39
40
44
51
37
49
34
64
35
25
26
21
28
22
20
32
26
27
24
24
25
28
25
30
26
20
26
25
21
31
31
23
24
26
24
31
27
28
21
26
24
30
21
21
24
29
29
22
42
38
30
37
24
25
25
33
34
35
32
27
28
38
36
35
25
25
27
26
34
21
25
29
21
22
37
25
28
21
29
27
28
27
27
22
26
28
28
23
21
24
23
22
22
23
35
27
31
25
25
30
28
31
22
21
22
22
26
25
21
23
61
27
28
32
29
31
33
31
38
32
23
20
22
28
29
29
21
24
21
27
28
32
23
29
21
20
22
21
33
28
21
22
28
25
26
34
24
21
25
21
26
48
22
21
20
20
21
20
20
25
30
33
46
32
33
33
23
22
28
23
23
20
25
28
23
25
45
28
24
23
23
22
21
21
22
31
31
26
27
30
23
32
30
31
30
28
22
24
29
27
65
26
29
26
47
24
21
23
23
23
21
22
28
26
24
29
24
22
33
29
23
20
29
21
23
32
30
20
21
23
25
25
28
25
27
21
25
21
24
26
21
22
21
28
28
30
32
30
55
23
29
27
25
22
27
20
21
21
21
20
21
35
32
22
28
26
26
24
22
28
29
30
32
23
27
27
29
30
26
28
32
28
35
29
40
41
24
25
23
19
26
28
31
33
28
23
27
26
23
25
24
28
29
34
32
36
24
23
24
24
23
23
21
31
23
26
24
25
20
32
29
26
24
35
27
26
29
32
24
27
32
32
26
26
22
34
21
24
25
27
25
25
29
27
30
24
26
25
25
22
23
24
23
23
27
26
26
27
26
24
23
21
22
38
23
25
22
23
22
23
24
22
21
23
21
21
24
22
24
24
20
26
32
33
32
25
22
36
26
22
20
22
22
21
23
21
23
21
21
21
20
30
20
22
28
23
24
22
25
24
28
24
26
28
27
24
22
22
22
22
22
22
27
24
24
31
20
21
24
29
23
21
26
26
30
27
26
22
25
56
26
26
24
27
23
29
26
28
25
22
32
33
23
26
22
30
29
31
29
22
23
22
27
76
27
22
25
28
22
22
21
27
21
22
25
22
21
28
22
24
20
30
27
24
25
26
26
25
23
27
25
24
21
22
21
21
21
20
22
23
21
27
21
23
21
24
29
24
29
24
25
21
21
21
22
22
24
22
28
21
22
21
24
24
26
25
25
26
22
24
20
22
27
22
25
23
24
21
24
48
20
21
23
30
28
30
26
27
25
21
21
23
22
21
21
27
27
26
21
28
35
25
23
24
23
23
23
38
30
21
24
22
28
22
23
20
26
27
22
22
29
27
21
31
26
23
29
23
25
23
28
28
22
23
22
22
21
29
29
33
33
30
30
29
20
22
22
21
54
26
24
21
25
19
21
19
20
20
25
20
19
21
22
20
30
33
29
21
29
28
22
27
22
22
22
20
24
23
20
25
22
24
23
31
32
23
22
23
22
44
22
21
27
21
21
28
32
27
26
20
22
23
21
20
25
23
24
26
22
21
21
22
29
26
24
24
21
20
27
22
22
24
24
24
27
34
19
28
20
28
26
57
35
29
27
25
24
24
26
27
20
20
20
20
20
20
27
26
27
23
22
20
22
21
27
27
21
22
21
20
20
28
20
19
19
19
20
22
21
20
19
23
21
19
19
19
21
25
27
25
46
26
30
29
31
22
23
22
25
20
23
21
30
33
25
24
25
30
30
27
25
25
24
22
20
20
24
27
20
21
21
29
23
25
20
27
24
23
22
19
19
21
28
20
38
22
24
27
26
25
23
24
23
21
20
21
20
20
27
21
22
20
27
23
22
24
21
32
21
19
19
25
24
20
23
21
32
26
21
24
22
20
20
31
30
29
21
21
20
28
30
28
27
25
27
52
21
27
23
27
28
26
22
21
22
27
25
22
22
