5
5
8
6
4
3
4
4
5
12
13
5
5
4
4
12
4
11
4
4
4
6
4
4
5
4
4
4
4
4
4
4
5
8
8
6
5
6
4
4
4
5
5
12
4
4
5
4
5
4
5
9
4
4
9
4
5
4
9
4
4
10
5
4
8
5
11
4
7
4
4
4
6
4
4
4
5
7
4
5
4
4
3
3
6
19
4
4
4
4
6
4
5
6
5
6
4
4
4
3
5
6
4
4
5
26
4
5
4
4
5
4
4
5
3
6
4
4
4
5
10
4
4
4
12
4
4
6
5
5
4
4
3
4
4
10
15
4
4
4
4
4
4
3
4
4
4
4
5
4
4
4
4
4
4
4
4
4
5
4
4
4
6
4
4
4
4
4
4
4
4
4
6
4
5
11
4
6
4
5
5
4
4
4
4
6
4
4
4
6
8
6
4
4
3
5
4
4
4
4
5
4
4
4
4
7
5
4
7
4
8
4
4
4
4
4
4
4
4
4
4
4
4
5
4
4
3
7
5
4
8
5
4
4
7
4
4
4
6
7
7
5
6
4
6
4
6
6
9
4
5
4
9
4
7
4
3
6
6
8
6
5
5
4
5
5
5
11
4
4
5
4
12
4
7
4
11
4
4
4
4
4
5
8
4
7
4
8
4
4
4
4
5
7
5
6
6
4
4
4
4
4
6
5
10
6
5
6
4
4
5
4
3
4
4
10
6
7
5
4
4
4
5
6
6
5
5
4
5
4
4
4
4
4
7
5
4
5
4
4
5
5
7
4
6
4
3
4
4
4
4
5
7
4
4
5
5
6
5
4
5
4
4
4
15
6
5
5
7
5
8
7
5
4
6
7
4
6
6
4
4
5
4
4
5
5
4
4
4
5
6
4
5
4
3
4
6
4
4
4
6
4
4
5
4
4
5
4
4
5
5
6
4
5
38
4
4
5
4
5
5
4
4
4
4
4
4
5
5
4
4
4
5
4
4
5
4
6
5
4
4
4
4
4
4
4
4
7
5
5
4
5
4
5
5
4
5
5
13
10
4
4
4
6
4
7
6
5
4
4
4
4
4
11
8
4
9
5
4
5
5
4
5
7
4
4
4
6
4
9
6
5
6
4
4
4
4
4
4
4
4
5
5
4
4
5
11
4
5
4
9
6
5
4
4
9
4
4
4
4
4
7
4
4
5
9
4
4
6
5
4
4
3
3
4
4
4
4
3
3
4
7
4
7
6
4
5
4
4
4
4
4
5
6
4
5
4
4
4
4
4
3
4
5
4
4
5
4
3
4
4
27
4
5
5
4
4
4
9
4
4
5
6
4
5
5
9
4
4
4
3
4
5
4
7
7
6
7
4
4
6
5
7
5
6
5
8
4
4
8
9
5
6
7
5
5
6
4
6
4
4
4
6
6
6
4
10
4
4
4
4
6
4
5
5
4
5
4
8
16
7
4
3
9
4
8
4
5
5
7
7
7
7
4
5
4
4
4
4
4
4
4
4
6
4
4
4
10
4
4
4
4
4
4
4
7
5
5
6
8
4
4
4
5
5
5
4
4
6
5
5
5
4
4
5
4
6
5
8
4
4
4
5
4
5
4
4
5
8
4
5
5
5
4
4
4
4
10
4
5
5
6
4
5
5
4
4
5
6
4
4
4
4
5
4
4
4
4
11
4
4
5
6
5
4
5
4
4
3
5
5
4
5
4
4
4
4
9
4
5
8
4
4
4
4
8
5
4
8
4
4
4
10
12
5
5
4
4
7
4
4
4
4
4
4
11
5
7
9
5
5
4
5
4
4
4
4
4
4
6
5
4
44
4
4
5
5
7
7
4
4
4
4
4
7
4
9
5
5
6
7
4
4
6
4
3
6
4
4
4
5
5
7
6
6
4
4
6
4
7
6
3
6
4
4
11
4
5
4
33
4
5
7
4
6
5
5
5
6
4
5
4
4
5
5
4
5
4
4
5
4
5
4
6
6
4
5
7
4
12
4
4
4
7
4
7
4
5
5
12
5
8
6
5
5
4
4
5
4
5
6
9
5
5
4
7
9
38
6
4
4
4
5
6
5
5
5
5
6
7
11
10
4
5
4
5
5
6
9
4
4
9
6
8
8
5
6
4
6
5
5
8
6
4
7
5
5
5
4
5
5
5
4
5
4
4
3
5
8
5
5
5
14
5
5
5
4
5
8
6
4
6
4
6
5
6
5
4
5
6
4
7
5
5
4
4
4
4
4
4
5
4
9
6
6
5
4
4
4
5
