77
80
79
81
78
88
82
81
99
78
90
78
79
76
79
78
78
97
84
77
87
94
82
81
80
74
81
80
75
75
79
78
80
95
85
80
78
82
100
107
87
84
93
78
81
81
86
82
80
78
78
92
103
89
90
93
89
86
98
86
112
85
85
81
83
85
80
89
81
83
83
81
79
81
98
75
84
81
76
82
94
90
82
80
88
95
108
102
138
197
113
114
114
130
105
135
197
150
102
132
108
95
76
77
78
74
75
79
78
84
83
84
76
147
139
79
118
78
97
78
78
80
88
78
82
86
79
80
85
81
87
81
91
76
80
78
78
78
76
80
80
107
91
92
86
85
76
79
77
81
78
76
100
83
77
78
81
82
80
80
76
90
89
80
101
79
81
79
88
81
104
89
85
78
89
84
85
84
85
78
78
81
81
90
86
82
85
82
78
76
98
88
84
96
94
87
86
87
84
85
91
88
94
94
83
95
103
89
84
92
90
93
88
89
86
100
91
92
91
91
210
230
92
87
80
132
119
140
130
115
98
125
114
111
141
139
82
127
88
80
82
92
83
82
80
89
85
86
87
83
86
104
89
90
84
88
94
98
95
95
87
94
89
87
86
118
99
114
86
84
88
83
88
90
89
92
90
87
96
86
89
93
87
124
99
94
93
82
85
84
88
86
89
90
96
95
89
89
101
95
91
97
95
85
86
89
81
90
86
88
87
88
82
84
83
80
91
81
99
81
86
84
81
81
80
83
89
82
80
103
90
85
86
85
92
92
92
84
86
89
85
84
87
83
83
81
86
87
85
84
80
83
90
86
81
86
82
79
82
87
88
83
82
89
81
82
80
80
89
86
82
82
81
81
82
83
81
82
80
79
84
81
82
82
78
81
79
81
82
81
79
82
81
83
83
88
94
93
85
85
83
88
87
81
81
80
80
79
83
81
85
81
89
108
85
80
80
87
80
88
88
91
87
90
84
79
89
86
84
87
89
77
82
87
86
88
81
90
90
87
78
86
84
83
82
82
83
87
77
93
77
84
78
86
106
81
80
80
81
80
80
81
85
83
83
83
82
81
79
83
85
80
80
79
84
81
81
82
81
94
81
76
91
89
85
85
79
91
81
81
78
81
80
81
85
81
80
81
79
86
85
85
82
83
87
84
85
85
85
85
82
82
82
82
83
81
89
86
82
85
83
85
83
83
81
79
83
81
78
79
79
83
80
104
81
87
79
81
87
79
85
80
83
77
82
83
86
79
86
85
86
78
79
81
79
80
84
93
83
87
88
86
83
82
78
86
83
82
84
84
82
81
83
82
82
81
80
79
80
85
82
108
90
88
86
87
82
86
81
79
82
85
95
88
88
83
85
99
87
86
88
84
80
78
83
85
85
86
84
86
82
87
81
107
85
87
86
82
81
76
86
80
76
80
87
77
83
77
86
104
90
88
85
85
85
84
80
79
87
76
87
82
79
84
85
104
79
84
85
82
79
78
79
79
81
87
87
81
86
89
87
107
80
84
90
79
79
82
80
82
80
79
80
81
83
80
78
84
81
84
80
81
83
82
81
80
80
80
81
81
80
80
80
85
80
81
89
79
82
81
79
90
84
85
85
85
80
83
88
80
80
81
80
78
78
81
79
80
79
81
80
80
79
78
87
78
79
80
83
79
80
85
81
83
82
81
80
81
85
87
79
83
86
81
81
80
82
84
82
82
81
82
79
78
80
82
84
79
78
84
79
81
80
80
78
85
82
82
86
85
92
81
83
87
91
88
84
87
86
84
89
85
78
80
81
86
79
81
80
83
89
93
89
85
91
77
76
77
83
76
82
79
78
84
84
85
79
81
82
87
86
84
81
81
84
88
79
85
78
80
84
82
91
84
92
83
87
81
82
77
84
99
83
98
96
95
89
95
85
87
84
90
86
84
96
94
88
93
81
82
98
88
86
97
92
83
89
89
93
83
85
94
87
88
88
84
85
93
99
96
92
88
84
89
89
80
81
83
83
81
80
82
84
82
100
109
81
81
80
80
81
81
80
80
80
86
87
79
82
89
90
86
83
80
85
82
86
82
81
81
79
80
81
114
83
79
85
79
80
83
86
84
84
81
81
85
84
80
83
91
82
79
83
87
83
80
80
80
81
81
83
86
81
83
83
81
86
81
88
81
95
79
80
83
82
82
81
87
116
91
96
86
89
85
86
86
80
83
82
86
91
78
86
86
81
88
85
86
86
91
85
92
89
90
88
87
90
88
85
94
87
85
81
89
90
92
82
82
83
83
