7
6
4
51
4
7
4
3
8
4
43
3
7
4
4
13
8
13
9
8
3
4
4
6
3
5
3
5
4
4
4
6
5
4
5
13
3
3
3
4
4
3
4
3
3
4
4
4
6
9
4
12
4
4
5
3
4
7
28
6
3
4
5
3
4
4
3
3
3
4
4
6
4
4
3
3
4
6
4
4
4
3
4
4
4
6
3
4
3
4
4
3
3
3
3
3
4
3
3
6
3
14
4
5
4
11
6
3
4
4
8
3
24
6
40
3
4
3
4
4
4
7
5
5
3
3
4
3
3
3
4
4
4
4
4
3
3
3
3
3
5
6
6
5
5
6
7
5
4
5
5
5
10
6
9
7
5
4
11
5
3
3
4
4
5
5
4
3
4
4
4
3
4
3
4
3
5
3
6
4
3
8
3
6
3
3
4
4
4
4
5
8
4
3
4
3
5
3
6
3
4
4
8
5
7
4
4
5
5
5
5
6
4
4
7
5
5
5
5
5
4
3
5
4
8
5
6
4
3
5
5
3
3
3
5
5
5
4
6
4
3
3
4
4
4
4
4
5
5
4
5
6
8
5
10
4
5
4
8
4
4
8
4
6
4
22
5
5
4
4
4
3
4
3
3
4
5
4
10
5
4
8
4
3
6
4
3
6
3
5
7
5
4
5
3
4
4
4
3
3
21
4
4
3
3
4
3
3
3
4
5
3
4
4
4
4
4
5
6
5
9
5
4
3
5
5
5
4
6
5
5
8
4
5
6
4
7
4
8
3
5
3
5
5
4
4
4
4
3
4
9
4
5
6
4
3
4
4
4
8
4
4
4
5
6
4
4
3
4
3
4
8
5
5
5
4
5
4
4
4
8
4
7
4
5
5
5
7
6
6
7
4
5
11
8
5
4
5
3
5
3
6
5
4
5
5
4
5
4
3
5
5
4
4
8
9
4
5
4
4
3
3
4
3
4
3
4
5
4
3
4
3
5
3
4
4
10
4
4
3
3
4
13
4
5
4
3
5
4
4
5
4
3
4
4
3
5
5
5
5
7
4
3
5
4
3
3
3
4
3
4
3
4
4
4
3
4
3
3
4
4
7
5
4
6
4
5
4
5
4
5
8
6
6
5
3
4
4
3
4
4
5
5
5
4
4
5
5
5
4
4
5
4
5
4
3
4
7
6
5
4
4
4
4
3
3
4
5
5
3
4
3
5
4
4
6
4
4
4
4
3
4
3
4
3
3
4
4
3
4
3
4
4
5
3
4
3
3
6
4
4
5
4
4
5
4
4
3
3
4
4
3
3
4
4
4
4
3
3
5
3
3
6
3
5
4
8
5
3
4
4
4
6
5
8
5
4
4
4
5
5
4
3
5
4
3
4
4
3
5
4
8
4
5
4
4
4
8
7
3
5
6
5
5
6
3
4
3
3
6
5
10
4
6
3
4
5
4
3
4
4
5
5
4
4
5
4
3
3
5
6
4
4
4
4
3
4
4
5
4
3
5
3
3
5
4
4
4
6
4
3
5
4
3
3
5
4
4
5
4
4
3
3
4
4
3
5
6
4
4
3
3
3
3
3
4
3
5
4
4
4
4
5
3
3
3
4
4
4
9
5
6
4
3
4
3
4
4
3
4
7
3
4
3
4
8
4
3
4
3
3
3
3
3
4
4
4
4
3
5
5
3
3
5
8
5
7
3
3
8
5
3
4
3
6
4
8
4
6
4
5
4
5
5
4
5
5
4
6
5
6
5
4
5
7
3
5
11
11
6
6
5
5
4
4
8
4
4
4
5
4
5
6
5
7
6
5
8
8
7
6
6
5
4
4
4
4
3
3
4
3
3
3
3
3
4
3
3
4
6
3
4
3
3
4
3
41
3
6
3
5
3
3
4
4
4
3
3
4
5
3
4
3
4
4
3
4
5
4
5
4
4
5
4
6
3
4
5
3
5
3
3
3
4
4
5
4
6
4
7
4
4
3
5
7
8
5
12
5
3
4
5
5
4
3
4
4
5
9
4
5
3
5
3
3
3
6
4
5
3
6
3
30
6
3
3
3
4
3
4
3
4
4
4
4
4
4
3
4
3
4
3
4
3
3
3
15
4
5
3
4
4
5
3
5
5
3
5
3
3
6
4
4
4
3
3
3
4
3
4
5
6
5
7
3
3
6
3
3
6
3
5
4
5
4
3
10
3
4
3
3
4
3
4
6
3
3
3
3
3
3
4
4
3
4
3
3
3
3
5
5
4
13
5
5
3
4
3
5
4
