22
19
24
26
24
29
26
29
67
58
51
22
23
34
21
21
39
28
20
23
32
25
23
24
22
24
23
26
28
26
29
31
29
52
63
28
32
24
25
25
33
35
25
27
28
26
23
48
31
25
30
33
33
27
33
32
31
25
24
32
19
20
20
25
76
25
25
26
22
24
22
22
21
22
23
38
20
20
21
21
40
36
29
31
40
35
34
19
31
44
30
55
25
18
33
35
28
23
26
21
22
37
48
50
46
69
46
41
61
37
62
44
34
80
72
82
86
54
36
41
26
24
28
20
27
27
25
28
27
25
27
26
25
26
26
21
21
26
20
23
31
21
25
32
23
22
31
22
20
27
21
20
21
23
21
23
20
22
27
21
30
28
21
21
19
22
21
21
21
29
23
27
20
20
20
29
21
32
30
27
22
33
27
23
27
75
32
29
26
24
24
25
31
23
23
24
23
28
23
21
25
26
27
24
25
27
26
27
28
28
25
26
26
24
23
33
29
27
28
29
27
33
28
27
27
23
22
22
21
24
29
22
23
21
23
20
27
21
24
26
33
25
30
28
23
23
23
33
24
22
23
21
22
23
21
22
26
25
23
32
23
21
23
22
22
24
21
23
26
22
23
22
23
21
20
25
28
26
27
23
23
26
22
21
34
27
33
26
24
25
26
24
22
30
26
22
37
35
23
25
23
20
30
21
20
20
20
21
27
24
24
24
22
26
23
19
20
22
30
63
22
23
30
25
22
35
22
22
32
26
24
34
32
24
26
26
22
19
20
22
24
24
24
23
31
30
55
31
26
20
19
19
24
22
23
24
20
28
28
26
21
20
20
23
21
26
24
28
21
21
21
20
29
25
22
20
19
21
21
23
28
21
29
34
24
28
27
23
29
32
25
30
23
22
29
23
26
55
29
22
26
28
27
29
23
26
26
29
28
35
32
30
27
25
27
28
29
31
28
25
59
27
23
30
25
31
33
56
23
27
28
28
22
19
22
27
28
28
22
23
29
28
29
26
58
30
31
29
28
30
28
26
23
22
22
21
28
25
27
22
22
21
23
26
25
25
20
20
55
23
21
23
21
21
21
19
21
20
19
24
26
24
23
24
24
24
29
28
26
23
36
30
34
35
28
57
24
21
25
34
28
25
27
24
22
28
25
28
27
29
29
23
25
20
23
22
19
24
25
39
31
24
25
25
29
26
25
22
26
26
23
23
32
27
26
27
22
23
28
24
23
23
23
21
22
27
21
23
28
25
26
54
27
29
27
28
28
26
27
23
26
22
20
27
24
28
28
27
31
26
23
24
26
25
23
31
30
30
27
24
26
29
23
26
28
30
29
23
28
33
21
22
26
22
22
28
26
20
24
21
21
21
21
34
29
29
27
26
22
28
26
26
29
27
20
22
29
36
28
24
24
26
30
29
26
24
24
30
21
21
23
23
22
22
25
24
23
22
27
20
27
28
24
23
25
23
23
29
47
28
22
26
23
24
22
21
24
30
22
27
29
27
26
29
21
21
21
21
21
27
23
21
35
26
24
38
27
29
28
30
29
23
27
29
24
23
25
24
29
27
20
28
30
31
30
22
22
25
27
28
21
23
25
27
32
26
27
27
26
30
20
21
27
27
24
21
31
30
26
25
23
22
21
21
24
24
21
21
23
22
30
30
24
20
23
22
30
25
30
27
28
23
31
28
24
30
28
31
23
26
21
25
25
25
27
26
21
23
23
26
24
21
22
31
26
29
22
21
31
28
31
22
25
26
22
21
53
27
25
21
21
20
27
21
21
23
22
22
22
23
30
27
27
26
28
24
21
22
27
21
41
27
22
27
23
29
25
30
26
30
61
25
24
27
26
20
20
22
20
20
31
21
20
20
19
22
23
22
25
21
20
44
20
19
32
34
21
21
21
20
21
24
22
23
21
20
22
27
20
24
28
25
28
49
19
20
19
28
19
19
24
22
28
20
20
20
21
35
21
22
22
20
22
19
19
20
22
23
22
20
28
29
27
28
20
30
30
28
21
29
20
19
20
21
20
19
21
25
20
23
20
19
22
21
21
22
28
20
28
21
23
21
23
25
43
21
30
25
25
20
21
24
24
19
29
32
25
22
19
22
25
26
20
20
21
23
19
19
28
22
21
25
21
23
23
24
19
19
19
23
20
28
27
24
22
29
21
19
21
20
20
21
46
20
25
27
29
25
27
20
20
26
27
26
26
26
28
22
23
21
21
19
20
20
41
28
27
26
27
21
21
27
25
26
23
24
54
22
24
26
