11
10
8
9
9
13
11
23
13
12
9
10
12
16
9
16
15
11
10
12
13
10
11
10
9
15
9
20
9
13
16
12
16
12
13
13
13
9
11
11
10
13
9
12
44
16
13
17
16
10
9
9
9
9
11
10
11
9
10
9
9
20
12
9
9
9
9
11
10
11
10
17
14
14
10
9
9
11
11
15
9
10
9
9
10
8
12
10
9
9
11
10
15
9
9
8
9
8
10
9
20
17
30
9
10
9
11
11
9
16
12
82
15
9
8
10
8
10
9
11
10
12
11
8
9
9
10
15
14
14
10
9
14
10
9
8
11
9
9
9
8
8
10
9
10
8
9
9
10
19
12
9
9
9
16
9
8
9
17
17
8
9
14
14
8
15
9
17
10
9
10
11
9
10
9
10
9
9
10
68
11
10
10
9
13
15
14
13
13
11
20
8
16
15
10
9
20
17
17
9
11
10
10
10
13
11
10
10
19
18
13
23
10
9
20
10
11
17
44
11
9
9
11
9
9
9
9
11
10
9
16
19
9
18
10
9
8
9
8
10
9
10
11
10
12
9
12
10
10
11
11
10
12
10
10
9
11
12
12
15
12
16
15
15
12
11
11
9
9
10
10
11
9
9
9
11
9
15
37
9
16
10
17
10
14
9
12
10
9
14
9
9
9
9
10
15
9
9
9
17
9
16
17
15
13
14
10
18
10
9
39
9
10
9
9
15
18
16
15
13
10
13
12
15
15
13
12
16
13
13
10
9
10
10
10
9
10
15
18
14
11
9
10
10
9
11
11
9
20
17
12
13
10
9
9
9
9
9
10
10
10
9
9
17
9
11
9
10
10
16
16
15
9
10
9
9
12
9
9
37
9
18
9
10
8
10
9
10
10
10
13
11
15
10
10
9
13
10
9
9
9
14
10
11
11
9
10
11
9
8
10
9
10
11
9
9
8
9
8
9
9
10
10
12
8
8
9
8
8
9
9
11
9
8
8
9
9
9
8
9
19
47
12
16
8
10
9
9
10
17
17
9
11
10
14
10
10
9
10
10
10
11
13
14
8
12
9
9
9
13
10
9
10
10
12
11
15
12
13
10
12
8
10
13
11
12
13
9
8
8
9
13
11
12
10
15
9
9
8
12
10
9
8
10
14
16
9
9
10
9
8
9
11
9
10
10
16
9
9
9
9
11
11
8
9
10
14
12
11
15
14
13
13
8
9
11
10
13
11
14
11
10
9
10
8
17
15
15
12
15
14
11
9
9
19
12
23
15
14
9
10
10
10
9
9
10
9
9
9
9
12
12
18
16
19
9
10
9
10
10
11
12
10
9
8
9
10
11
9
10
9
9
9
15
11
8
12
13
14
10
9
13
11
9
8
10
10
10
14
10
9
14
22
13
11
19
16
15
15
17
9
9
9
10
9
9
18
10
9
11
9
12
9
9
9
9
9
9
13
14
11
10
15
22
11
16
10
16
11
19
43
16
17
9
9
10
8
9
12
16
15
12
16
16
9
9
8
10
11
32
10
15
13
16
11
15
9
9
9
10
9
8
11
12
9
9
8
11
9
10
21
10
15
17
9
17
10
10
9
9
16
42
10
9
18
9
20
9
8
10
9
10
10
10
8
16
9
10
10
10
9
10
9
24
11
9
12
15
10
15
19
9
9
13
31
17
9
17
16
11
16
10
15
15
9
10
9
9
9
9
9
10
10
8
10
9
11
9
8
9
18
19
9
10
9
9
12
10
9
14
10
9
8
21
10
10
9
10
9
9
9
11
12
9
8
16
10
9
10
16
17
13
9
9
15
15
11
10
10
9
11
8
9
9
10
9
12
14
9
9
11
16
17
35
15
11
10
10
12
9
9
18
14
10
9
9
9
9
15
15
14
11
9
13
12
11
11
36
10
11
16
11
15
12
17
13
11
12
16
9
9
9
9
10
10
10
10
10
19
32
19
17
9
11
11
11
11
9
11
10
13
10
9
12
9
9
12
10
8
11
12
10
12
13
16
16
9
9
9
13
32
10
18
15
16
15
16
13
12
9
11
13
10
16
10
10
8
10
13
13
10
17
12
11
11
10
9
10
9
10
12
9
15
11
12
16
10
12
11
14
10
9
10
9
14
12
10
8
9
10
9
8
8
8
9
10
10
9
13
9
18
9
9
10
10
9
11
10
10
13
10
10
19
15
15
16
16
15
16
80
17
9
16
11
13
10
10
9
10
11
9
10
9
9
10
9
10
14
10
12
9
16
11
12
10
11
10
11
18
9
