99
108
104
97
103
96
93
110
99
93
92
102
111
101
98
102
104
122
100
110
155
97
101
102
95
114
99
93
105
99
113
100
106
108
106
101
107
101
110
104
107
108
110
112
125
111
119
118
107
110
105
120
105
122
124
116
108
104
114
131
100
100
93
105
95
98
102
134
102
104
120
108
112
105
101
107
98
96
101
92
157
160
139
140
134
183
235
149
153
199
113
173
166
129
96
119
107
162
123
99
142
146
110
189
96
140
163
100
97
117
103
115
128
102
99
123
143
104
111
155
102
95
106
104
99
107
102
100
95
103
100
102
99
98
95
97
97
101
96
97
93
96
92
107
117
100
98
99
99
105
105
100
98
103
103
100
101
104
103
103
117
98
102
94
98
95
95
99
104
95
101
100
98
104
106
102
124
108
101
102
104
109
110
110
122
105
100
98
102
112
102
100
95
93
111
99
99
95
104
105
113
118
110
111
105
106
100
134
102
104
101
109
114
107
106
107
101
102
101
100
106
107
148
152
180
156
138
101
171
146
161
105
121
144
191
113
125
103
105
126
108
99
101
98
98
97
98
104
98
97
103
103
99
98
117
98
93
94
95
106
109
103
105
99
108
99
108
107
107
101
107
106
104
103
104
112
104
106
108
107
103
102
103
100
103
95
106
111
104
99
102
101
109
104
95
106
101
101
98
100
98
105
103
100
98
94
102
102
98
98
99
98
103
101
99
101
108
100
107
133
99
101
105
102
103
105
100
101
97
107
96
100
102
103
96
114
94
121
111
106
107
103
108
106
107
108
108
107
108
121
107
104
103
109
110
106
105
104
106
104
104
105
110
107
98
110
93
101
94
108
119
115
112
115
114
103
104
95
102
95
105
111
110
102
99
100
99
107
105
102
107
104
105
102
116
126
113
109
106
101
105
105
104
104
104
105
107
105
103
103
104
142
109
99
95
94
105
105
102
102
102
102
104
98
101
101
103
101
105
97
107
103
99
94
95
105
98
100
99
101
99
99
125
102
105
97
104
106
126
103
95
107
99
114
102
107
107
106
100
98
101
103
105
108
98
99
98
106
100
105
106
105
101
115
97
106
96
93
110
102
112
103
101
103
101
100
99
111
100
102
103
104
98
100
100
99
99
98
117
109
101
103
101
103
100
105
102
102
98
93
104
100
94
101
95
98
96
97
98
96
106
101
104
99
100
106
118
94
102
99
99
96
92
106
99
94
98
96
98
103
119
102
101
102
105
103
104
104
122
108
103
105
108
94
93
116
108
103
101
107
92
108
94
92
96
97
104
99
121
104
94
109
103
103
101
103
97
99
98
101
106
102
123
105
100
123
107
103
96
97
101
102
98
98
97
100
105
98
98
96
98
99
99
100
98
97
98
99
98
117
99
100
106
103
104
109
99
100
101
100
109
108
111
100
102
103
103
96
99
99
97
99
107
97
97
96
132
96
101
100
103
100
103
96
97
100
98
97
99
101
100
101
101
102
96
98
96
97
112
96
95
92
102
99
102
98
100
104
96
103
97
92
102
95
93
102
110
96
103
97
99
96
98
97
100
98
99
97
104
102
115
110
110
102
102
106
104
103
104
107
103
103
94
97
112
93
92
92
92
98
97
107
99
99
97
95
94
106
93
100
95
116
115
109
100
99
110
96
103
97
99
105
122
105
102
98
98
98
103
102
99
98
96
101
97
99
99
104
98
99
105
98
98
102
102
104
98
116
107
100
101
99
103
99
113
98
106
96
104
112
104
92
94
108
106
106
95
108
99
103
99
102
104
102
102
125
103
100
97
99
99
101
101
102
96
106
99
111
103
98
99
106
107
99
105
105
110
107
98
102
94
105
98
96
105
96
100
102
102
100
96
104
106
95
111
95
96
101
104
98
106
100
98
99
125
109
113
107
108
115
115
112
110
115
108
110
100
112
108
96
102
101
106
109
108
106
124
118
116
107
105
97
97
101
96
96
110
104
106
110
105
100
102
102
120
103
108
114
100
111
141
175
168
184
163
100
103
454
127
104
113
119
156
124
122
111
142
165
131
136
155
142
121
99
127
158
153
136
99
180
197
130
155
185
140
128
161
169
126
105
113
103
107
99
99
105
104
102
105
97
114
104
103
103
97
96
130
133
97
98
93
105
92
94
106
93
92
94
147
108
105
103
109
102
103
106
124
198
105
97
106
94
93
114
98
96
103
100
105
103
95
101
101
98
99
98
97
98
96
105
104
99
98
99
97
101
98
100
97
97
150
187
100
102
99
100
108
103
93
106
