79
75
67
78
69
76
61
62
79
99
97
77
94
78
126
117
100
63
91
64
74
90
77
73
68
70
75
73
76
107
75
81
77
65
67
66
69
64
66
65
74
68
70
72
72
69
75
73
69
67
74
72
74
75
74
103
76
80
70
70
62
61
70
70
72
66
62
62
72
70
69
67
80
72
71
71
65
64
67
66
67
72
87
64
62
68
66
69
66
63
66
65
74
83
76
91
118
94
145
115
139
122
61
59
66
62
62
68
61
66
65
63
63
67
64
68
61
65
62
61
61
68
61
74
71
79
65
70
66
64
68
79
76
67
69
64
71
62
67
61
62
68
76
75
75
69
67
72
69
73
76
75
75
75
69
75
76
72
78
76
60
77
63
67
69
63
60
80
65
68
62
61
64
60
67
65
61
69
60
74
63
63
64
64
72
74
70
80
89
76
83
59
74
62
59
65
68
66
69
107
69
92
75
69
73
71
94
72
85
70
65
70
75
69
64
65
83
67
71
74
66
65
62
71
61
61
66
60
64
63
63
73
71
68
64
62
69
63
63
71
63
74
64
62
71
68
70
69
61
73
62
63
72
76
73
68
69
68
71
62
71
63
62
67
71
71
70
74
99
73
64
67
77
79
72
71
68
72
69
71
70
63
62
75
63
74
69
75
64
63
75
68
70
70
68
63
66
66
65
63
108
73
64
66
62
71
73
68
71
70
69
74
64
63
66
81
65
71
63
63
65
71
63
65
72
68
69
64
85
66
67
69
76
68
66
66
65
68
65
68
68
72
61
75
65
71
63
65
63
66
68
74
62
68
74
70
70
69
64
74
68
65
67
69
63
66
66
66
65
67
70
71
65
64
70
68
65
65
74
70
70
72
65
73
66
67
64
68
64
64
68
64
64
109
70
72
64
60
72
70
65
63
70
64
66
66
64
64
61
62
70
70
65
65
69
64
66
75
61
69
66
63
67
62
68
78
67
64
63
64
66
69
63
64
62
64
83
63
74
72
65
65
66
64
72
61
72
66
63
64
66
65
71
67
67
63
63
62
64
76
66
66
65
63
66
63
80
66
67
68
68
65
62
66
64
63
62
61
62
61
61
62
65
68
67
74
62
66
75
67
67
72
72
72
69
62
67
60
73
71
67
63
67
65
65
66
71
73
91
64
64
106
73
65
65
70
65
64
65
71
68
68
71
71
68
67
66
62
61
65
63
70
60
61
78
75
65
65
65
63
67
73
63
66
60
65
62
63
80
64
65
63
64
64
72
71
60
64
70
67
66
64
76
66
72
61
67
66
70
66
65
61
62
64
75
78
71
73
61
60
61
66
66
64
67
69
62
67
67
67
74
71
73
65
62
64
71
71
65
61
62
67
63
66
71
68
66
64
63
64
70
73
76
67
60
70
72
73
64
66
69
62
79
69
61
59
67
64
70
63
69
65
63
72
68
73
74
73
69
69
65
72
67
64
72
70
65
69
75
69
65
75
61
71
72
64
71
64
70
68
67
75
65
65
65
67
66
97
70
62
70
69
70
64
64
68
64
66
65
65
67
65
65
69
70
65
64
65
65
67
64
74
65
69
71
72
85
63
69
78
64
61
65
70
67
71
72
73
80
82
74
67
73
65
67
78
65
68
68
65
71
62
71
72
72
67
65
68
67
71
68
67
65
70
64
66
62
63
75
69
64
64
61
64
70
73
72
80
90
74
85
83
80
75
82
69
69
69
68
75
75
66
74
74
67
71
75
71
63
61
70
72
76
71
63
80
71
65
64
87
74
73
75
74
69
72
73
66
63
61
69
67
68
66
61
64
64
68
75
75
68
71
73
66
74
73
66
68
71
64
69
70
66
76
64
65
67
129
71
69
68
68
74
74
62
65
65
64
71
71
77
68
63
64
63
62
65
65
67
64
66
70
66
71
71
74
74
68
77
66
67
67
70
64
63
61
84
64
72
65
67
76
60
65
63
62
64
65
63
71
65
65
71
65
73
73
69
70
67
64
73
66
71
74
87
72
71
67
71
70
70
66
69
73
72
75
66
63
69
69
60
62
67
70
72
70
69
63
70
68
64
68
75
73
77
73
69
70
69
66
69
66
68
66
65
75
71
64
71
68
74
69
69
71
85
72
68
67
71
62
62
64
69
65
76
62
76
74
66
101
66
59
73
70
69
69
72
66
67
70
69
65
60
71
60
59
65
63
68
65
68
70
67
65
63
72
69
69
67
62
59
59
100
71
69
69
63
68
68
60
63
62
84
75
91
102
101
81
78
77
