78
76
108
70
91
77
68
109
91
52
48
51
49
47
49
68
70
56
55
49
48
56
49
56
49
56
49
49
51
45
65
47
50
47
46
57
54
54
74
51
51
71
51
49
60
50
52
53
47
47
50
60
85
50
57
52
58
49
48
47
48
47
54
54
55
54
56
57
51
54
53
58
51
48
49
51
56
54
53
48
61
66
79
47
56
54
50
49
49
49
49
57
87
50
73
55
53
53
47
82
69
61
68
48
49
50
52
58
48
53
56
58
85
87
93
82
61
93
59
84
56
50
57
55
48
48
51
53
49
49
68
57
51
53
52
53
55
55
53
54
47
48
47
46
45
48
72
63
49
85
50
53
49
49
56
47
45
56
46
49
46
52
46
46
46
50
48
48
55
57
47
46
47
47
51
55
62
58
55
50
45
49
45
45
54
57
64
50
53
53
52
52
51
52
49
50
57
61
56
49
96
50
54
59
52
58
55
54
65
56
63
52
59
54
59
53
54
51
49
49
96
123
63
112
77
47
90
77
76
122
93
89
87
78
105
77
62
112
80
80
53
51
49
53
54
50
56
49
51
68
57
66
49
60
54
52
59
50
53
62
58
53
51
52
49
50
54
54
51
66
65
60
61
55
56
57
49
49
51
64
65
58
48
48
53
61
59
56
51
56
79
58
56
55
54
60
57
57
52
60
70
56
53
50
53
56
52
60
50
47
53
55
49
54
55
54
55
54
54
56
55
67
51
53
57
47
46
56
61
59
57
66
59
53
52
51
54
59
53
51
49
49
63
56
54
53
53
52
49
60
53
55
63
49
61
49
49
47
58
55
58
50
47
63
53
53
50
60
55
56
57
55
56
70
50
47
57
54
50
73
51
55
52
55
69
59
54
55
54
51
50
55
52
50
53
48
49
75
49
46
56
47
57
51
53
70
53
55
55
52
49
51
52
55
49
58
71
51
54
58
61
54
53
53
51
48
59
57
53
52
62
50
51
59
63
49
56
46
51
51
49
51
50
50
54
50
55
49
47
57
53
52
52
55
56
57
51
52
68
56
57
59
63
55
58
53
47
55
58
57
57
53
52
52
58
49
46
46
47
57
46
47
58
54
47
60
46
46
46
56
50
57
48
46
47
78
54
54
52
62
51
67
58
50
55
52
55
47
55
49
48
49
62
52
53
51
53
59
60
58
50
56
51
56
56
60
57
52
47
55
50
58
55
110
58
58
54
49
47
49
53
49
50
67
52
60
51
59
58
56
50
52
50
51
48
58
58
57
58
56
50
50
48
55
58
54
49
52
53
54
54
54
53
56
57
66
57
54
53
52
54
57
55
57
51
47
73
53
50
49
48
55
53
48
52
47
47
64
52
80
50
48
46
50
49
49
49
58
51
46
53
50
51
83
49
50
49
49
55
50
49
59
53
58
56
49
47
49
49
51
54
59
57
52
53
48
48
51
56
50
49
50
57
55
52
45
46
47
51
57
57
54
52
49
61
51
63
54
51
54
57
55
79
61
56
56
56
57
57
49
58
53
50
88
63
49
49
52
47
56
46
52
51
51
47
52
49
52
46
47
47
56
52
48
54
52
50
58
50
48
53
49
49
49
52
52
50
47
52
48
50
52
50
45
47
46
49
49
58
53
60
64
49
49
48
48
49
59
54
51
56
58
54
59
54
52
48
55
52
48
48
46
47
46
46
51
55
56
51
51
54
48
46
57
47
52
55
54
58
51
67
49
52
49
55
54
55
50
48
55
49
51
53
56
51
55
70
60
53
56
48
51
53
52
68
49
49
49
49
47
49
47
51
51
53
49
46
49
49
49
61
58
59
55
52
73
50
52
58
59
64
52
58
62
49
52
51
55
56
56
49
50
57
50
58
51
50
51
58
53
52
56
61
59
60
55
51
51
57
55
50
58
75
53
55
59
56
50
49
57
57
50
69
87
59
49
55
49
52
54
51
49
56
50
51
51
54
50
53
59
62
49
49
65
59
54
54
52
51
51
48
52
48
53
66
50
57
57
55
46
47
57
48
72
61
56
55
50
53
53
49
52
50
51
52
62
47
56
61
51
54
51
62
51
54
53
52
53
59
56
78
55
50
56
55
57
68
53
55
49
55
50
55
48
54
52
50
46
56
54
50
55
55
57
51
59
52
47
46
48
52
54
49
72
55
54
49
63
73
58
58
49
50
54
56
50
49
54
51
52
50
47
48
49
51
58
62
62
62
63
47
53
50
55
56
54
74
57
59
54
65
49
59
49
55
51
57
48
48
70
