56
55
75
85
56
82
77
91
62
54
81
54
51
148
79
83
71
58
47
49
52
52
50
49
53
64
52
54
55
48
58
57
57
54
49
51
71
62
56
55
51
53
60
49
61
58
56
56
68
65
56
54
57
53
51
54
54
50
53
51
59
52
54
51
53
52
50
48
54
50
52
53
52
47
55
58
55
50
61
77
49
55
54
56
49
54
55
54
56
49
49
55
48
47
52
53
49
54
50
55
48
46
54
55
53
54
54
47
47
45
45
45
67
52
55
53
57
56
54
51
51
53
52
53
48
55
54
58
52
49
60
72
49
50
52
50
55
51
50
48
49
48
48
57
53
47
50
50
51
51
49
56
56
53
53
50
57
57
52
51
50
49
55
52
49
49
49
50
50
49
50
48
54
49
53
62
47
48
49
51
52
49
50
53
47
45
52
45
66
50
56
48
45
45
57
53
47
55
46
69
53
54
54
53
55
63
52
53
60
54
54
63
71
61
60
54
58
59
58
55
49
47
45
47
55
55
55
50
50
55
48
55
57
54
54
49
49
56
55
49
57
52
55
49
58
47
61
108
50
58
57
56
58
54
50
49
75
48
57
49
48
48
60
79
73
51
46
64
51
54
55
51
53
58
49
49
48
51
50
48
54
50
53
51
52
52
52
50
54
60
56
58
59
53
51
49
50
62
56
62
79
59
59
59
57
56
54
50
62
56
55
49
56
55
53
51
57
53
53
62
51
54
51
54
54
57
53
56
50
57
57
57
54
48
57
55
55
75
55
53
55
55
54
56
52
51
54
70
55
50
63
50
61
50
55
59
57
57
56
57
59
58
51
50
50
47
47
46
46
50
57
55
56
54
56
51
49
58
51
51
58
48
47
80
62
67
60
61
63
52
52
48
49
49
47
50
56
60
70
55
54
55
55
54
52
55
58
52
54
52
55
61
58
58
52
72
53
51
51
47
58
49
48
51
59
50
50
49
49
51
49
54
51
45
51
58
47
46
47
57
52
57
58
55
58
58
59
58
100
58
59
59
53
50
50
49
50
53
52
61
53
50
49
48
72
56
56
55
52
60
54
56
57
58
60
62
60
66
61
56
57
60
54
61
53
76
56
53
52
54
49
49
50
52
51
48
49
77
59
57
52
56
53
50
86
53
54
51
50
53
56
56
49
46
48
58
55
50
46
46
46
75
54
52
46
50
48
57
48
56
48
56
50
55
55
54
51
51
51
50
50
50
52
50
52
49
50
50
54
50
48
49
76
56
60
59
56
55
65
57
57
60
56
56
58
53
49
55
61
54
49
54
50
54
48
51
56
55
50
67
59
59
56
55
50
54
53
51
49
47
60
54
53
51
50
57
48
48
48
49
60
55
51
60
57
50
51
52
52
53
47
53
54
57
49
56
48
50
50
51
52
51
50
50
48
50
48
49
47
50
55
50
50
53
63
54
56
52
53
50
48
53
50
51
51
50
86
60
52
50
51
49
49
49
50
49
48
49
51
50
51
75
50
53
56
50
49
54
51
49
48
49
48
49
52
53
46
49
55
50
57
50
55
52
56
57
59
56
54
55
55
49
54
49
46
54
52
55
50
54
56
55
52
49
57
56
50
58
55
51
51
50
51
51
52
50
48
48
50
54
50
50
49
55
59
51
49
49
50
50
51
49
52
49
51
51
50
53
46
57
59
53
50
49
54
48
47
49
47
46
58
49
50
52
47
85
60
54
46
47
53
49
49
50
50
49
47
50
56
47
57
79
56
53
61
57
55
53
52
53
55
52
52
46
47
53
47
53
53
57
55
57
49
50
55
58
52
53
53
49
58
59
62
53
58
56
49
49
78
50
55
48
51
50
53
51
47
54
50
50
57
56
61
51
64
58
56
57
58
75
56
57
49
51
56
54
73
59
55
57
50
50
48
49
54
56
54
57
52
81
50
54
49
46
53
52
53
47
57
50
56
46
49
53
50
52
60
48
47
57
49
52
49
55
48
48
71
63
59
56
48
50
54
50
54
52
53
53
56
59
55
53
49
51
51
48
48
48
46
49
48
50
54
52
50
56
49
59
52
58
49
55
48
50
49
56
55
57
58
52
50
50
49
57
50
56
51
65
52
58
52
48
54
48
55
52
56
56
55
49
51
54
69
54
55
49
58
55
52
48
57
58
50
61
61
55
58
52
77
49
58
49
55
61
58
51
53
62
64
52
57
58
50
53
57
48
55
56
55
109
58
58
55
54
54
59
57
49
60
50
57
56
53
56
56
54
54
50
55
71
