26
34
28
48
35
30
28
65
28
43
82
32
48
47
28
42
37
41
42
40
58
30
28
28
28
32
30
28
29
25
25
26
26
25
24
26
25
32
26
26
27
26
25
24
33
36
26
26
26
32
34
33
26
25
24
23
25
25
26
52
23
30
60
31
31
32
26
31
30
30
25
25
30
26
23
29
26
25
23
23
23
32
25
25
26
24
23
24
23
23
23
24
24
26
26
25
34
25
33
27
25
23
60
33
25
50
42
36
28
26
27
28
47
30
39
32
56
24
50
35
31
63
34
38
26
33
33
34
44
26
26
26
30
28
27
26
25
25
26
23
23
29
49
27
28
30
29
24
27
30
31
31
23
31
31
24
25
25
26
25
24
25
63
24
25
23
40
31
24
23
23
31
24
24
25
24
24
28
24
33
30
25
24
24
25
23
25
27
25
25
25
23
24
24
24
24
24
24
30
33
28
28
31
30
26
27
25
26
35
37
33
26
27
26
30
25
29
29
26
25
67
41
79
42
30
53
63
49
73
55
30
31
28
29
27
58
81
34
39
34
26
25
25
41
28
27
41
34
26
30
33
32
26
31
28
24
26
33
26
24
36
27
25
24
27
47
30
35
35
32
30
27
27
29
32
30
32
33
27
26
26
25
30
25
33
27
24
26
26
26
30
27
24
29
25
33
27
27
27
31
26
27
34
88
25
27
26
25
23
23
26
25
26
25
27
26
25
32
26
25
42
25
23
25
31
34
26
32
33
25
33
36
25
25
37
26
37
34
40
26
27
30
28
24
23
32
25
27
27
26
26
26
26
26
27
32
33
28
36
29
29
31
23
28
25
26
26
33
30
32
27
28
26
33
34
32
38
35
33
29
26
31
25
32
29
35
29
35
27
26
27
26
28
25
32
43
25
26
26
25
25
25
29
30
32
24
28
28
28
27
26
27
27
28
29
33
28
32
29
38
36
38
27
31
26
32
29
29
27
36
36
36
41
31
27
29
27
33
25
24
25
27
27
28
26
46
29
32
25
25
28
37
26
34
27
30
29
28
28
31
26
24
24
24
26
25
30
26
25
26
28
26
25
27
27
25
25
25
26
27
25
28
27
26
27
25
25
27
25
25
31
25
33
29
26
25
26
24
25
25
25
24
29
25
24
24
50
31
31
32
28
32
31
30
32
29
27
27
29
27
26
35
25
38
25
30
31
24
33
30
31
27
34
26
26
27
29
26
26
28
25
28
35
34
34
33
25
26
29
25
25
26
25
31
27
34
33
32
25
31
25
29
37
30
38
30
26
26
31
24
25
26
34
25
24
35
25
26
25
25
36
28
38
26
26
26
30
25
24
25
27
27
27
25
29
30
25
24
35
32
28
28
30
39
29
38
36
38
26
24
23
24
25
26
24
35
27
34
26
27
37
27
26
24
24
29
30
28
35
35
26
38
39
37
32
27
42
31
28
30
26
29
60
38
41
34
49
28
35
28
26
28
26
27
84
55
41
98
70
34
41
48
55
28
41
27
29
24
27
26
27
31
26
24
26
39
40
46
29
28
29
26
28
28
30
28
24
24
24
26
26
27
34
31
24
30
47
28
26
25
32
25
25
35
27
26
25
26
33
27
27
26
24
34
26
26
40
29
30
31
25
26
32
28
34
32
32
32
26
25
30
33
33
37
26
30
25
25
26
28
25
24
33
32
31
32
32
26
32
33
27
26
25
46
26
37
28
31
36
38
35
33
25
24
24
24
32
25
26
26
26
45
25
31
30
47
37
27
25
33
34
31
25
23
24
31
25
23
24
24
35
24
24
32
30
32
67
25
30
27
26
28
27
25
27
27
35
31
27
26
25
26
30
35
26
31
27
27
26
26
28
27
28
28
27
28
34
29
27
27
27
38
121
31
33
28
31
41
41
30
27
26
25
29
28
28
28
26
31
25
26
25
29
24
33
27
25
25
32
33
34
27
28
26
25
33
27
32
25
34
26
26
29
28
26
26
25
26
34
25
33
34
26
27
29
26
34
25
31
34
28
25
26
26
35
32
27
26
27
34
29
29
25
28
24
24
26
38
31
31
29
30
25
26
25
25
27
25
26
27
27
34
24
25
24
39
33
34
27
28
27
27
27
29
28
28
26
25
27
36
29
28
30
34
32
65
32
31
28
28
25
26
26
35
29
35
27
25
25
27
34
40
28
34
29
25
31
30
25
31
27
34
35
29
26
32
31
31
28
33
33
34
26
30
27
35
26
25
26
25
34
32
32
32
24
30
25
30
42
29
