108
106
105
100
108
98
96
98
98
160
103
109
96
114
101
105
100
96
106
102
103
109
105
112
104
100
108
108
97
99
101
97
104
125
100
109
105
107
107
99
116
109
117
110
111
116
112
108
116
112
113
121
110
111
107
106
103
109
100
118
97
114
104
105
121
108
101
104
101
111
105
102
99
98
103
100
113
98
98
108
101
104
102
102
107
98
103
100
103
98
102
101
105
103
103
106
106
100
98
95
107
118
158
170
155
121
104
206
156
129
114
159
106
122
96
95
170
152
103
92
109
99
102
92
102
104
102
105
119
101
97
99
95
121
101
105
101
100
107
99
95
94
98
100
115
99
104
103
108
103
99
105
107
99
98
103
99
99
97
95
100
110
101
104
99
97
99
107
103
100
101
101
102
99
98
104
101
106
108
101
127
97
99
94
102
111
103
105
95
109
96
117
105
100
105
104
111
132
100
102
119
104
108
119
145
118
100
102
116
116
112
118
106
151
107
115
106
114
108
116
101
154
151
113
111
111
102
114
100
122
122
107
120
366
246
149
161
109
323
204
102
100
104
108
107
108
103
103
106
116
112
100
101
93
96
102
98
109
100
126
105
107
105
103
94
106
100
100
110
104
105
98
108
98
109
103
103
94
108
92
95
94
95
97
99
101
106
105
102
99
100
96
104
105
100
98
105
101
102
99
100
92
110
101
136
103
102
99
100
99
94
107
101
100
118
99
98
104
106
114
98
103
99
100
104
105
95
100
98
100
105
111
106
123
114
104
101
101
101
99
100
97
95
100
108
100
107
97
111
101
103
106
100
126
103
99
98
102
101
100
105
99
94
96
97
100
102
100
97
107
104
102
99
102
97
102
101
102
100
102
101
104
101
103
99
106
107
98
102
100
102
104
96
101
98
104
96
107
99
101
110
104
100
106
106
98
113
105
109
111
107
99
97
102
99
106
133
100
104
108
99
106
98
106
97
103
107
96
105
111
108
133
103
99
101
97
100
97
101
101
98
101
102
100
106
99
99
105
98
96
101
98
101
99
101
99
99
99
101
103
100
99
103
99
98
96
99
102
105
101
100
100
95
104
103
101
101
99
129
99
99
100
98
103
95
105
101
107
105
101
113
101
101
103
131
102
112
111
105
109
104
107
99
107
100
101
97
101
100
97
110
104
97
110
102
97
98
95
104
99
104
103
97
96
97
131
106
105
102
98
97
98
98
102
101
99
105
100
106
102
105
100
110
98
105
99
102
108
118
97
97
97
98
95
115
100
112
102
114
107
103
94
93
94
103
102
106
102
102
112
103
99
100
109
121
104
100
103
108
126
102
105
101
97
101
103
99
100
100
103
102
101
103
108
100
102
101
101
98
100
101
104
96
98
106
100
100
104
114
100
97
100
96
101
103
102
101
98
101
97
105
97
97
95
100
105
111
110
107
112
110
110
109
99
96
106
103
108
110
113
108
115
109
106
107
109
96
94
112
99
104
105
104
102
98
103
107
105
96
97
102
96
101
97
98
96
98
100
95
97
99
96
95
105
105
100
107
104
98
98
105
100
105
98
104
101
104
122
118
99
103
103
102
96
103
100
107
104
107
97
97
101
107
97
101
106
96
98
96
110
97
99
99
102
101
100
100
98
101
99
98
106
103
100
101
96
96
100
98
100
100
108
96
110
105
100
121
103
105
107
108
102
96
97
107
105
107
106
110
101
103
102
102
100
112
98
98
96
99
102
96
103
93
100
103
102
96
99
103
100
104
99
102
100
98
100
100
102
99
103
100
110
98
97
98
103
103
101
96
102
102
101
102
97
100
129
107
98
97
101
110
106
102
103
102
104
108
107
102
105
111
104
105
119
106
106
104
102
102
105
102
105
105
104
101
99
101
105
105
106
100
101
99
101
100
99
97
99
97
98
107
107
102
100
105
104
104
107
104
103
112
106
104
123
103
100
98
100
94
130
103
99
104
98
98
93
93
96
94
98
99
100
101
99
108
111
115
109
110
107
102
99
102
100
96
94
94
95
93
94
94
102
106
112
122
106
124
94
100
104
98
99
106
103
97
99
96
109
112
103
103
102
104
111
95
105
94
104
98
104
105
125
103
98
107
98
102
98
101
100
100
100
107
107
106
99
98
99
97
107
100
98
104
108
105
101
98
101
102
99
99
97
99
99
97
99
100
98
102
97
97
106
103
100
98
98
102
98
101
98
101
99
101
101
110
114
118
111
113
115
105
107
99
98
108
104
108
107
105
102
98
100
98
98
99
107
102
99
98
97
