34
36
68
48
39
35
37
51
35
35
41
38
61
58
44
37
48
48
42
61
35
45
36
37
37
36
36
45
47
45
71
37
38
38
48
38
39
44
42
40
40
38
37
43
43
70
40
36
40
39
39
44
44
45
38
45
38
42
40
37
38
37
38
51
41
37
41
40
38
39
40
40
35
34
45
35
43
39
45
39
46
47
47
51
57
115
93
52
67
54
161
178
70
37
38
34
38
38
39
44
45
69
55
46
37
46
37
36
35
37
39
35
37
39
41
52
43
39
36
40
36
40
36
37
40
37
42
38
41
38
36
37
36
46
40
38
36
37
39
34
37
36
36
34
34
37
37
35
34
34
38
39
36
43
37
44
38
42
37
44
36
38
42
41
43
37
34
36
42
36
43
35
36
38
38
36
49
37
41
36
42
42
40
63
42
34
36
35
41
36
42
34
38
41
35
41
41
44
45
65
49
41
42
37
37
37
43
41
42
41
39
40
40
39
43
50
42
45
41
85
80
79
92
74
96
68
65
75
60
40
71
45
65
48
43
35
62
39
47
55
40
36
48
36
37
40
39
35
33
34
33
34
39
38
45
42
41
49
38
39
45
35
43
41
39
43
40
36
35
34
39
38
43
41
42
35
41
47
38
38
40
40
41
41
43
42
37
34
37
41
37
59
48
44
35
36
47
46
40
47
37
35
38
34
34
46
36
53
49
46
46
39
38
35
38
40
37
35
48
40
44
35
35
37
40
45
46
42
35
44
46
39
74
42
44
46
45
45
39
37
39
38
43
42
36
36
41
42
50
41
43
39
38
44
39
44
44
43
54
39
71
37
43
36
43
43
43
42
42
41
38
53
41
41
38
35
36
37
47
38
40
45
38
39
38
37
47
39
49
38
38
41
45
36
37
36
37
68
36
55
44
77
44
49
39
38
43
51
42
38
37
41
47
47
35
48
40
47
35
36
36
37
37
35
39
40
37
37
36
39
48
68
38
37
37
43
41
39
41
35
43
42
41
40
41
36
36
35
36
39
46
36
35
50
38
42
43
35
38
36
38
43
36
37
39
45
76
57
48
45
43
35
34
35
33
34
37
35
38
42
43
37
35
63
41
36
36
35
38
41
35
35
37
37
38
36
46
42
36
37
35
37
46
36
38
39
37
35
35
35
35
34
33
41
41
43
43
56
37
37
36
42
41
42
34
33
34
33
35
34
34
43
36
35
47
39
35
38
40
42
41
40
36
38
36
35
56
43
35
38
40
40
38
37
36
35
37
36
44
44
35
33
34
34
34
46
37
37
43
35
44
44
37
36
48
44
38
37
40
46
44
41
36
39
35
37
37
35
38
39
36
36
42
38
35
34
34
35
34
34
34
34
35
37
46
38
41
36
36
38
40
38
47
56
36
36
37
51
36
40
39
36
34
34
34
35
38
44
36
37
46
38
37
38
39
38
36
36
36
36
36
37
39
36
72
36
50
39
39
40
34
36
36
35
35
35
40
36
35
36
40
74
35
39
38
45
41
45
43
36
34
43
37
38
45
36
37
35
42
35
36
36
39
36
35
38
38
39
46
39
39
39
34
36
39
37
37
37
48
36
37
36
36
46
36
38
37
36
34
47
35
44
36
36
37
37
36
36
41
41
34
36
41
36
37
36
38
37
37
46
41
40
44
38
41
42
35
36
39
35
38
39
37
37
38
68
38
36
43
38
37
41
37
41
39
39
39
41
41
38
50
43
39
35
37
41
37
37
36
37
33
34
41
38
36
47
79
44
38
44
41
37
46
38
35
38
37
46
51
36
36
41
38
34
37
36
34
34
34
43
43
40
46
40
38
61
43
41
40
42
54
44
48
42
37
40
46
38
40
39
38
37
39
36
34
35
37
36
38
38
40
36
36
40
38
42
38
37
38
42
43
44
45
40
39
36
37
37
37
37
44
39
49
38
40
38
38
40
42
45
45
40
39
44
38
38
44
45
40
43
35
45
37
46
43
47
44
42
40
49
41
41
41
41
39
40
46
49
46
50
43
43
59
42
43
49
38
42
38
36
37
45
45
45
46
45
37
38
90
41
44
72
48
49
39
62
98
65
83
52
65
52
50
40
42
65
35
36
39
37
38
39
38
39
38
36
42
40
46
66
40
39
40
41
36
52
38
38
66
133
123
116
73
46
40
45
106
44
45
63
83
79
59
50
59
77
73
63
87
57
38
36
36
35
40
41
68
43
45
48
47
36
46
63
52
42
42
43
49
42
38
90
49
46
51
52
46
43
57
71
