9
12
20
16
18
19
12
21
12
8
12
19
9
8
15
9
9
12
8
9
9
9
11
9
18
15
11
10
11
11
15
14
16
9
10
10
12
31
13
13
11
10
50
10
10
10
18
12
18
16
18
20
10
10
10
11
10
18
14
13
9
10
9
9
9
9
16
8
8
10
9
9
17
10
10
11
11
9
16
11
12
16
14
16
12
14
10
15
15
16
11
8
9
15
9
9
9
9
8
9
19
8
43
9
8
8
9
13
9
10
12
12
9
12
9
11
12
11
12
9
8
16
14
15
15
15
15
9
10
11
10
9
9
10
8
11
9
9
9
9
9
13
24
14
9
14
12
9
10
8
10
10
11
9
9
9
9
9
11
14
17
11
13
10
8
10
9
17
8
10
9
10
10
9
9
10
10
10
9
10
9
12
14
9
11
9
9
8
9
11
10
11
10
13
11
9
15
14
9
15
10
9
19
26
24
12
9
12
11
9
10
12
13
13
10
9
8
9
10
9
16
10
8
9
16
8
9
11
10
10
11
9
9
11
17
32
23
9
9
9
9
10
10
9
13
8
9
13
11
32
9
12
17
9
9
9
9
10
9
10
15
19
10
10
9
10
14
10
10
10
12
16
16
9
11
16
12
13
10
10
10
9
10
18
17
16
9
12
9
10
9
9
10
16
20
17
16
13
12
15
13
11
14
10
11
9
8
13
10
12
10
14
18
12
10
10
13
14
9
9
9
11
11
10
10
10
9
11
12
11
12
10
9
9
11
11
11
14
27
8
9
10
9
8
18
11
11
14
45
9
17
12
12
12
9
12
15
15
10
10
10
10
12
17
14
10
12
10
11
9
11
12
10
9
20
10
9
9
37
9
9
11
14
9
17
15
14
9
9
10
8
9
10
15
9
10
13
19
9
17
9
9
11
14
11
10
10
16
10
12
13
9
10
11
13
10
11
10
9
11
12
9
8
9
9
10
10
9
9
13
10
9
11
9
9
9
9
9
20
17
9
9
12
42
16
9
16
16
13
13
10
17
9
14
10
10
9
9
10
9
10
10
10
10
14
12
13
10
9
17
15
9
9
10
10
10
10
12
11
11
9
9
10
9
9
8
14
16
15
12
11
10
9
11
15
13
10
11
10
10
13
9
42
17
15
13
19
16
10
9
11
10
9
10
10
10
9
11
10
9
11
14
15
10
8
10
10
9
10
9
9
10
10
10
10
9
14
9
9
9
9
9
10
9
10
10
11
9
9
13
9
11
12
11
10
10
9
16
12
9
9
15
16
9
16
10
23
11
14
40
9
9
15
15
16
10
16
9
10
9
19
10
10
9
9
12
10
9
9
9
18
16
16
15
9
9
9
10
14
9
11
10
8
9
21
9
9
9
10
17
11
9
15
11
10
16
9
10
9
9
16
9
11
9
11
10
9
9
9
9
9
10
9
10
9
9
11
8
8
11
12
9
10
9
9
9
9
10
14
13
9
9
19
14
12
11
13
18
10
19
15
15
16
9
13
8
17
11
16
10
10
10
16
38
9
9
14
15
15
15
11
12
10
10
9
12
10
9
9
9
20
10
10
16
8
9
9
10
9
10
15
14
16
10
8
42
9
16
9
16
15
8
10
12
12
9
9
10
9
10
9
9
11
37
12
16
13
8
9
19
18
16
16
14
9
13
15
11
10
9
9
15
12
11
9
9
9
12
11
9
10
12
12
9
17
16
19
18
14
11
9
21
11
9
15
12
17
12
8
9
15
15
36
9
15
12
9
9
10
9
11
17
16
16
9
11
9
9
9
10
10
8
8
9
9
13
10
18
14
10
14
9
11
10
18
18
20
16
9
10
10
9
11
10
10
9
10
9
9
9
14
15
11
17
17
40
14
10
16
12
11
16
12
10
9
11
13
14
11
14
11
10
9
10
11
10
9
10
9
9
15
11
9
10
11
9
9
16
16
11
10
11
12
17
17
12
11
11
14
10
34
9
12
19
25
10
11
9
11
10
12
13
11
15
15
15
15
14
10
16
16
9
9
9
10
11
11
9
9
14
9
10
9
16
15
16
17
17
13
14
10
14
11
16
10
16
9
9
12
9
9
9
14
9
10
16
10
14
10
10
10
9
9
16
10
18
9
12
8
15
9
15
18
10
17
9
10
10
10
26
12
16
14
12
12
11
15
11
11
9
10
11
10
35
17
10
17
11
14
16
19
17
16
9
9
9
9
9
9
10
10
21
18
11
10
9
10
10
9
11
9
15
10
29
11
13
11
52
10
10
