78
113
84
108
119
114
68
77
84
92
83
179
168
102
119
82
85
87
66
64
67
71
72
61
70
61
67
61
86
70
72
72
70
70
68
71
73
62
66
66
82
73
78
80
71
80
66
69
64
62
73
76
70
81
74
82
78
79
67
67
83
72
74
71
72
74
72
76
75
70
70
71
71
69
91
65
66
66
61
61
85
64
70
63
63
62
65
59
71
64
65
62
64
61
66
73
63
68
60
68
84
68
70
68
67
67
69
69
68
69
72
68
70
68
69
67
59
86
74
66
62
63
68
64
65
72
65
64
69
68
68
71
65
67
62
64
64
63
64
66
63
69
64
59
58
59
62
74
68
69
59
59
61
59
59
84
72
70
70
70
63
63
63
64
69
73
72
70
67
67
67
67
66
75
64
60
73
70
72
75
68
68
64
63
66
66
64
73
59
59
59
59
59
68
70
65
61
84
62
65
68
72
66
69
68
67
88
68
67
85
78
75
72
83
72
76
75
66
78
74
68
70
69
70
69
69
62
82
70
69
65
70
70
60
68
68
65
66
70
67
68
67
64
66
73
72
71
70
70
61
70
73
71
72
87
72
71
73
67
74
65
69
65
64
65
68
64
65
65
63
70
63
72
71
71
71
71
70
70
64
70
63
71
63
64
72
69
86
72
71
69
65
65
64
71
63
72
61
85
65
70
69
71
68
74
65
69
75
80
69
73
72
61
60
66
60
64
63
71
62
65
62
62
63
61
66
59
60
71
64
62
65
65
70
64
67
72
63
71
70
70
70
72
77
65
69
71
70
70
71
70
72
70
61
71
105
78
80
76
69
66
73
72
69
69
75
70
73
83
86
70
70
62
60
65
73
66
67
68
69
66
64
63
63
64
63
61
59
60
70
69
62
70
61
70
71
68
66
67
63
63
72
64
67
65
67
65
66
68
66
64
63
89
75
62
65
63
63
63
64
64
67
89
63
66
66
66
72
65
70
61
74
69
72
63
61
63
68
65
65
65
64
67
67
65
68
66
65
64
63
64
71
63
63
63
64
71
64
72
64
64
68
71
64
70
62
64
64
65
65
63
63
64
72
66
65
72
69
69
75
81
69
65
87
71
72
70
66
73
62
80
65
65
65
66
65
64
64
66
65
65
71
65
64
72
64
65
70
72
75
74
74
66
66
65
64
64
64
61
70
61
65
63
66
62
66
61
64
63
65
67
74
68
72
69
70
64
66
65
71
70
64
64
73
64
69
65
66
83
66
71
64
71
69
65
64
63
64
69
72
70
78
68
68
70
73
74
66
77
66
72
63
71
65
68
68
73
71
70
71
66
65
87
65
65
75
70
67
63
65
65
67
72
71
63
63
65
66
62
70
71
68
64
74
64
65
67
69
64
59
70
64
62
61
61
64
69
63
72
72
73
64
65
73
63
66
62
60
75
73
62
60
61
72
63
63
64
63
67
67
63
63
71
66
70
63
73
64
66
64
65
65
74
74
77
70
73
73
70
91
87
74
72
72
69
70
73
70
71
72
70
85
63
61
65
64
64
60
64
67
61
66
61
65
65
66
68
70
67
66
66
69
64
64
72
71
63
63
64
61
70
61
65
69
62
63
70
70
67
65
67
66
71
67
64
71
71
64
62
61
66
63
69
70
67
63
63
63
63
63
63
66
68
63
64
70
72
94
70
71
69
73
71
70
69
66
64
65
66
64
67
62
72
73
68
74
68
70
63
71
63
69
66
67
65
65
63
65
63
88
66
75
73
69
63
63
66
72
64
66
64
64
67
66
63
64
70
75
71
65
71
66
69
75
70
71
69
65
70
65
92
63
76
75
72
65
66
72
71
73
69
69
69
63
64
64
70
66
71
66
64
68
76
72
79
65
75
65
68
65
64
71
84
65
73
74
65
63
74
70
64
64
86
64
70
65
70
62
71
83
67
63
63
66
63
63
67
64
70
63
64
64
64
63
66
65
63
64
63
63
73
71
66
68
64
65
73
63
66
64
70
62
64
62
86
65
69
70
65
65
65
64
64
78
66
64
63
63
68
65
66
67
63
64
63
67
62
68
67
64
66
66
76
67
65
61
67
70
71
71
65
65
66
74
73
72
74
113
67
73
71
71
73
67
71
67
71
65
65
67
69
71
76
73
65
66
66
62
67
69
64
63
63
62
63
66
63
66
73
64
71
62
66
64
61
60
61
66
65
86
69
70
66
73
68
70
67
68
76
73
69
70
70
89
71
70
68
68
71
71
69
70
69
70
70
70
72
83
72
70
