75
80
62
47
61
74
92
94
83
92
100
86
103
112
49
52
53
50
83
54
51
81
63
53
49
53
52
51
56
66
60
54
50
52
55
70
61
58
57
54
66
71
49
57
59
62
49
51
56
57
59
57
56
58
54
69
61
49
59
82
59
53
56
54
52
49
56
54
67
51
52
58
51
59
54
51
56
51
78
69
59
65
69
58
53
62
71
62
80
59
50
50
52
51
52
64
62
99
109
142
54
91
90
47
48
47
97
104
72
121
64
57
50
61
57
68
53
58
51
65
56
53
52
53
51
57
62
50
56
63
53
54
51
50
58
52
66
56
52
56
57
57
84
54
60
57
47
49
48
52
51
52
50
53
52
55
50
53
55
54
51
48
49
47
48
56
57
57
63
50
50
47
46
59
57
55
69
54
49
48
59
59
59
57
58
76
48
57
49
47
64
57
58
55
73
90
79
55
72
63
65
55
53
57
63
62
61
63
51
62
61
61
54
56
64
55
54
49
59
54
51
52
52
50
51
55
95
53
57
59
53
60
82
76
80
56
54
97
58
50
50
52
52
54
51
54
53
59
59
58
57
81
55
56
58
55
58
63
52
53
49
60
58
68
62
58
55
70
59
58
53
52
53
58
61
54
53
57
52
57
56
56
50
62
54
51
49
54
49
46
50
49
55
50
55
55
51
48
54
55
45
52
47
51
89
51
50
50
50
56
50
48
49
46
47
53
52
56
46
55
101
58
53
53
52
86
55
47
54
66
52
58
57
49
51
49
48
54
48
58
73
51
51
49
51
48
48
48
49
53
56
58
54
89
55
55
55
52
57
55
55
53
86
48
65
71
49
57
54
55
67
51
56
48
52
48
47
47
57
54
47
70
51
53
54
51
60
50
58
54
46
59
54
56
54
51
48
59
59
91
59
70
72
55
59
64
59
59
60
50
54
84
54
53
51
52
81
84
106
69
52
64
66
62
60
57
55
52
56
50
51
51
48
50
56
54
90
57
62
58
59
59
59
56
52
63
54
59
63
57
54
78
53
53
56
54
54
51
51
51
61
49
48
48
52
56
57
56
56
56
50
56
48
91
60
61
50
49
50
54
57
54
50
59
57
58
55
57
57
48
51
61
59
57
57
53
57
49
58
90
47
46
61
50
50
51
47
57
51
53
48
52
50
64
49
48
47
50
51
54
55
49
51
59
76
53
49
47
47
47
48
50
49
49
49
57
48
49
53
52
52
53
53
50
50
49
113
50
59
52
51
49
49
50
52
59
48
47
75
50
48
48
50
49
49
49
51
50
57
54
50
55
52
53
52
53
54
54
47
58
49
51
50
49
49
52
50
53
50
51
46
49
51
47
46
51
47
47
50
50
56
58
62
53
48
49
57
57
50
54
56
50
48
71
48
48
55
48
57
59
53
52
55
64
60
53
58
53
56
54
55
54
53
72
55
54
55
53
56
51
52
50
51
52
46
68
49
56
83
48
50
56
50
55
49
68
51
49
50
50
53
53
52
53
53
49
50
54
47
50
50
47
49
50
50
46
48
50
51
59
49
50
53
48
45
46
47
46
48
54
49
56
48
65
51
57
51
54
49
53
52
49
51
52
51
56
50
50
54
49
47
65
53
49
53
50
48
54
56
50
50
51
52
57
52
52
55
51
53
62
81
49
51
50
58
52
54
49
48
53
54
50
68
56
50
52
51
49
52
52
49
48
51
51
53
49
46
54
56
50
51
58
46
52
49
51
49
54
49
55
51
48
57
51
49
49
48
46
55
52
53
50
52
57
59
56
53
48
50
56
51
54
55
54
49
48
52
49
57
47
83
82
75
93
112
60
50
51
56
58
89
48
50
53
48
56
50
50
49
55
49
96
51
51
59
54
54
119
107
53
50
54
56
52
52
58
49
51
56
51
58
92
57
62
84
49
63
55
62
119
58
60
81
55
52
49
52
79
72
95
51
59
117
98
139
147
85
93
84
97
49
48
51
81
72
65
84
82
53
90
53
94
82
95
46
65
106
62
54
112
67
60
55
64
55
76
57
50
50
49
54
55
53
91
76
60
63
66
63
63
92
78
101
81
54
57
50
84
73
80
110
63
53
81
68
51
78
52
53
58
88
59
88
53
56
70
57
83
63
58
54
60
61
52
99
55
55
55
69
74
52
48
56
66
51
69
77
55
80
48
60
76
59
55
53
62
61
60
49
56
102
80
83
97
69
54
73
57
61
83
67
85
53
65
69
64
53
56
51
52
54
53
60
55
60
49
85
63
76
57
