30
28
27
29
27
29
25
32
30
26
63
43
29
25
26
25
30
31
24
24
26
29
25
25
26
26
25
25
26
24
26
28
30
45
25
25
30
27
27
33
25
24
24
30
25
26
25
26
37
25
25
26
26
34
28
27
33
34
29
26
25
27
26
25
26
24
24
26
25
27
25
29
31
24
24
26
27
36
34
24
32
27
29
27
28
28
31
25
25
24
29
30
30
31
31
30
28
34
79
28
27
37
25
25
24
25
28
29
28
26
26
28
29
26
27
26
39
26
28
31
28
27
32
34
28
28
25
25
27
30
28
30
27
34
31
28
30
31
27
28
32
31
30
29
28
27
26
26
26
25
25
26
24
25
31
30
30
31
28
32
30
24
24
28
26
24
26
25
26
27
26
30
27
26
28
28
24
44
31
30
29
28
31
30
31
32
25
25
42
34
32
32
30
32
25
25
32
24
24
34
29
30
27
68
41
43
29
28
28
35
35
29
30
31
36
36
31
36
36
30
26
29
28
34
33
25
27
32
26
27
30
44
25
32
26
27
26
33
34
27
72
27
25
25
25
27
25
24
25
27
27
56
34
36
36
27
27
30
26
35
33
27
27
26
26
27
25
29
24
35
32
34
34
36
24
36
26
24
27
27
27
26
33
33
31
29
34
32
28
29
44
26
25
33
53
25
34
27
25
25
27
28
32
32
33
27
27
27
33
30
30
30
59
34
30
26
34
34
33
25
30
26
31
30
30
30
32
36
31
34
32
31
31
32
29
26
25
67
26
33
27
26
25
31
33
29
31
50
27
31
32
31
31
31
26
27
29
32
34
31
28
26
28
30
29
34
36
34
33
24
25
30
25
25
29
24
29
28
29
29
29
31
27
94
26
33
35
34
33
25
30
34
28
26
26
31
36
28
36
40
52
33
30
32
29
30
26
27
25
27
26
26
26
34
33
26
23
32
38
30
31
34
31
33
25
26
25
35
26
26
25
25
31
29
32
32
35
33
26
27
26
25
24
26
32
27
25
31
30
30
28
28
28
35
32
53
62
34
27
28
26
33
33
31
29
27
29
30
34
34
34
32
33
33
34
27
24
25
25
26
24
27
29
27
28
26
26
33
30
33
33
32
25
40
28
29
33
27
28
27
27
31
29
25
26
35
25
25
26
27
27
26
27
25
26
26
27
26
34
27
31
26
26
24
26
34
24
24
25
33
32
32
34
27
27
26
26
25
26
30
29
29
24
24
29
27
35
26
24
24
35
34
34
33
33
31
32
29
31
32
29
25
30
59
27
34
35
32
29
29
29
30
26
26
26
27
27
26
33
33
33
35
30
29
32
27
26
26
26
27
27
26
26
26
27
26
29
25
26
27
26
26
26
26
25
25
27
30
33
26
27
26
25
34
34
36
28
33
34
26
34
54
34
28
26
27
27
27
26
34
26
26
28
26
34
26
26
25
37
36
50
28
26
30
33
32
29
26
24
24
25
25
27
29
28
27
25
33
25
27
28
26
34
34
26
27
32
27
27
25
34
33
28
25
25
27
26
32
32
29
29
29
30
29
30
30
33
27
26
27
34
57
33
33
33
33
26
27
26
27
27
27
36
26
25
26
27
26
26
26
30
27
31
31
32
34
31
31
27
28
26
27
27
27
26
26
27
26
28
27
31
31
25
24
29
42
31
29
30
31
30
32
62
35
33
35
34
31
33
30
33
29
28
28
26
30
29
26
24
25
25
33
26
26
26
25
27
30
28
32
27
29
27
26
30
35
35
33
32
30
34
34
33
33
32
32
27
26
26
26
26
27
29
25
28
27
27
31
29
27
27
27
32
28
33
33
26
25
27
27
27
28
34
32
29
28
26
32
26
30
30
24
27
25
33
27
26
26
24
26
27
25
27
26
30
26
35
34
35
32
27
27
33
26
26
25
32
32
32
28
26
32
26
32
25
34
32
24
25
29
28
25
26
25
24
25
25
24
27
25
33
27
27
68
25
33
25
34
26
31
29
25
25
25
26
30
26
26
25
25
28
44
27
27
25
36
28
29
30
30
25
27
28
25
27
26
27
25
44
31
27
27
36
27
38
26
25
30
28
32
31
24
29
26
26
25
26
31
26
24
25
26
31
27
34
26
27
27
26
25
27
25
26
31
31
32
32
30
29
28
28
28
29
28
38
31
32
26
28
28
25
25
26
26
30
33
31
31
25
31
30
29
36
31
26
27
27
32
33
30
25
28
25
24
50
31
31
32
27
34
25
31
26
25
25
32
26
24
25
29
