4
4
4
6
7
3
10
6
4
4
4
7
6
6
6
7
5
8
6
4
5
4
5
4
4
5
5
5
6
4
5
5
7
4
5
5
5
4
6
5
4
4
4
4
5
5
4
9
4
7
4
4
4
4
4
10
4
5
7
4
5
5
7
6
6
5
5
5
5
4
5
5
4
5
4
5
4
4
4
3
4
8
4
6
7
6
4
4
5
4
4
5
4
4
5
4
3
4
5
4
3
4
4
4
4
4
6
4
4
9
4
4
4
3
4
4
4
6
15
4
5
5
4
4
4
5
4
4
6
4
5
4
4
4
7
6
5
4
5
5
4
4
4
5
6
10
7
4
5
4
8
4
7
4
4
4
15
6
4
5
4
5
5
4
4
7
4
5
5
4
5
8
5
5
4
5
6
5
5
5
4
5
5
5
4
4
4
3
4
7
6
6
4
5
5
6
5
5
4
4
4
4
5
4
4
6
5
4
4
3
10
10
35
4
4
4
4
5
4
5
7
6
29
4
4
6
7
13
5
4
4
4
4
5
4
4
5
5
4
6
4
4
4
4
4
5
4
13
6
6
5
3
4
5
7
4
5
6
8
6
3
4
33
31
5
4
3
4
4
5
4
5
5
11
9
6
4
4
4
6
9
4
11
4
4
5
4
5
4
5
5
4
4
4
4
6
6
4
4
6
4
4
4
4
3
4
4
4
3
4
3
5
4
4
6
4
4
4
4
4
4
26
5
26
11
4
4
4
5
6
8
5
4
9
5
6
5
4
4
5
4
5
4
4
4
6
6
5
5
4
4
4
5
4
4
4
5
5
4
5
6
4
12
10
4
4
4
4
5
4
4
4
10
5
6
5
31
9
4
11
20
7
7
5
4
4
5
4
4
6
4
4
4
5
5
4
4
4
4
4
4
6
4
6
6
5
10
6
4
5
4
5
4
4
4
5
5
4
4
6
5
5
7
4
4
4
9
3
4
4
4
4
4
4
4
4
4
6
5
4
6
4
4
5
4
4
4
4
4
5
4
5
6
6
5
4
4
4
4
4
4
4
4
4
4
4
4
5
4
4
5
9
4
4
4
4
4
5
5
4
6
4
5
4
14
7
34
31
5
4
4
5
4
5
4
5
5
5
5
5
7
4
9
4
7
4
4
4
4
4
3
4
4
4
4
5
4
3
4
5
4
4
4
4
4
7
6
3
4
7
6
7
6
5
5
5
7
5
5
5
4
5
5
6
3
4
5
4
5
4
5
4
4
5
4
4
4
4
4
4
4
5
3
7
4
8
4
5
4
5
4
6
5
8
5
7
27
5
7
4
3
4
6
4
4
4
5
4
4
4
4
5
4
4
4
4
8
4
4
4
5
4
4
5
7
6
4
4
5
4
4
5
5
4
4
4
4
4
4
4
4
4
4
4
4
4
4
4
4
4
3
4
4
5
7
4
4
4
4
5
11
4
5
6
4
5
4
5
4
8
5
11
8
4
4
6
5
10
4
4
7
5
4
5
4
4
7
4
4
4
5
4
5
4
9
5
5
4
4
5
5
5
5
4
4
4
4
4
4
5
6
4
4
5
4
4
5
4
4
4
4
5
4
6
5
4
4
5
4
4
4
4
7
4
7
5
4
4
3
4
4
5
4
4
4
4
4
4
4
4
4
4
4
4
4
4
4
4
5
4
4
4
4
4
4
4
3
4
4
3
4
4
4
4
4
4
4
4
3
4
20
4
5
7
11
4
4
5
4
4
4
4
4
4
6
4
11
4
4
4
5
4
5
5
4
4
4
4
4
5
4
9
8
5
4
4
5
8
4
4
4
4
5
4
5
4
5
4
4
5
4
4
5
3
4
4
5
4
7
4
3
5
4
4
5
4
5
5
4
5
4
4
5
5
4
5
5
5
4
5
4
4
7
28
4
5
5
3
8
4
4
4
4
4
3
4
4
4
4
4
3
4
4
4
4
4
4
4
5
4
4
4
9
4
6
5
4
4
5
5
4
4
4
4
4
4
4
4
5
8
4
4
4
4
5
4
4
4
6
5
4
4
6
4
13
4
4
4
4
6
4
5
4
5
4
4
5
4
4
4
4
4
6
4
4
5
4
4
4
4
5
4
5
5
5
4
8
5
10
9
4
4
4
4
11
7
11
4
4
6
4
4
4
4
6
5
4
4
4
5
16
4
4
4
5
5
4
4
6
4
5
4
4
4
5
4
4
4
5
5
4
4
4
7
4
5
4
7
5
9
6
6
4
8
6
4
4
4
4
4
