25
20
20
29
23
20
20
21
22
31
37
66
76
35
23
27
25
31
34
20
28
26
39
28
25
24
25
54
27
27
28
25
26
29
27
31
26
32
28
26
26
21
25
25
25
28
28
33
31
25
24
21
21
21
21
27
32
23
26
20
21
22
21
23
24
20
26
24
20
21
21
21
18
27
24
24
20
27
29
22
27
28
23
23
20
19
21
20
21
21
19
23
27
23
24
24
21
26
26
23
39
44
36
64
83
60
52
51
32
33
27
33
25
26
25
74
36
20
20
30
21
20
20
21
19
21
28
21
21
19
20
24
27
26
24
25
24
20
43
23
26
25
28
21
21
19
23
21
21
20
21
19
22
21
34
21
22
24
22
24
20
21
21
21
27
21
27
23
23
28
20
25
27
27
27
25
19
20
25
22
21
21
20
23
33
29
33
29
29
52
23
25
21
22
28
43
21
32
29
22
24
24
25
22
25
23
31
20
21
22
29
21
22
29
21
24
22
36
23
22
19
24
26
27
21
26
30
22
22
21
22
22
23
21
19
26
21
21
22
22
33
32
26
28
36
30
34
31
33
30
29
26
25
26
28
33
39
34
45
34
35
50
35
36
33
36
58
33
43
37
37
26
23
25
24
21
31
22
29
27
31
30
33
30
32
26
26
24
36
34
29
35
30
27
36
41
37
38
36
50
41
59
74
58
48
57
50
47
34
38
35
36
37
33
27
22
29
25
22
24
22
26
37
26
33
37
33
29
30
31
29
25
27
31
28
25
28
31
33
46
36
40
41
40
36
36
29
35
34
41
28
37
28
27
28
41
47
30
41
30
30
27
25
23
35
39
33
38
33
32
35
33
29
46
38
28
40
32
31
30
31
30
24
20
22
24
21
23
24
24
29
25
35
23
23
27
30
36
33
37
33
32
33
45
35
35
36
43
36
37
37
33
38
36
36
36
35
39
47
45
56
44
52
41
38
34
39
36
33
35
42
42
32
29
29
30
32
34
42
35
37
29
31
23
22
30
25
22
24
25
29
27
23
27
27
29
34
32
34
37
35
34
32
26
28
32
29
33
33
31
35
32
36
46
30
43
43
32
29
32
29
25
27
28
31
27
28
26
25
30
24
33
25
30
23
21
26
23
66
31
27
22
20
24
23
27
27
20
23
20
22
22
24
20
24
25
23
29
26
35
24
30
24
29
25
26
23
23
24
28
21
29
30
21
26
20
20
18
19
23
21
19
27
25
25
30
25
29
31
27
28
26
30
27
28
28
31
31
60
34
28
29
20
29
25
28
25
28
29
28
27
49
20
27
24
29
25
27
21
20
20
27
24
21
21
33
28
29
24
24
24
24
24
26
24
23
21
23
25
25
24
22
26
26
24
27
24
25
26
22
23
21
20
23
22
23
23
23
22
25
23
30
31
27
21
26
26
26
21
19
21
21
25
26
21
25
23
27
27
23
27
27
25
26
28
28
23
27
22
20
21
20
20
21
20
20
20
20
19
22
20
20
21
21
25
20
20
20
20
20
20
30
20
21
27
19
22
18
19
19
20
22
20
27
20
22
21
19
19
18
29
19
28
25
22
19
20
26
27
25
24
20
27
25
21
28
21
20
25
25
26
24
20
23
19
23
28
25
23
23
24
24
27
21
31
21
21
20
22
20
23
22
26
29
27
21
22
23
22
23
20
20
20
22
29
27
20
20
21
21
20
21
35
37
21
29
21
21
28
27
27
25
21
25
21
30
22
19
25
19
22
25
23
26
24
23
22
21
22
22
21
20
34
31
23
22
24
20
19
21
25
24
20
21
23
19
30
32
32
20
23
28
25
28
24
24
27
24
25
29
25
24
22
22
20
25
21
21
25
24
25
25
20
25
21
24
26
27
20
21
20
26
27
26
19
23
26
24
29
25
25
27
29
24
20
22
27
81
26
23
24
23
27
22
22
23
20
20
19
19
21
22
20
20
20
20
20
21
21
21
32
22
20
20
22
27
27
29
29
28
28
26
24
25
28
20
25
21
20
19
24
22
32
20
28
27
20
20
20
21
20
20
21
20
24
23
20
23
24
30
27
21
20
21
27
22
19
21
23
23
26
23
20
25
24
22
23
28
22
26
22
27
23
25
29
33
29
28
25
27
21
22
21
20
24
23
29
20
20
25
26
27
21
19
19
26
28
25
23
24
28
37
37
32
25
24
27
26
25
23
24
25
34
33
32
30
26
25
28
21
20
21
27
21
34
25
25
26
23
30
31
27
27
29
30
20
29
29
31
30
