68
103
128
86
86
120
77
62
66
89
76
94
65
62
64
89
72
104
98
74
87
96
87
85
90
89
93
104
87
97
93
86
98
78
87
103
81
80
106
81
121
71
74
71
67
66
75
74
67
66
65
66
68
67
70
71
76
72
65
72
90
71
91
76
66
68
66
77
65
74
68
71
66
72
71
71
72
67
73
62
71
76
82
76
71
67
71
68
73
66
78
80
71
77
91
81
98
90
82
86
82
86
65
66
65
64
69
78
153
92
91
102
93
74
81
67
104
108
89
102
66
62
78
71
72
66
65
64
68
71
78
87
76
72
68
67
70
69
77
74
79
81
76
74
70
74
71
72
73
75
73
77
62
66
74
75
67
70
66
70
72
72
71
76
73
62
82
66
73
71
70
109
99
174
157
225
164
123
69
73
64
76
75
75
78
69
71
68
71
72
71
74
84
78
72
86
97
70
83
68
68
67
71
92
74
75
70
67
67
69
92
72
66
68
72
71
68
85
71
76
98
72
68
71
79
73
71
80
71
69
69
67
66
67
66
95
72
77
78
83
81
78
80
83
88
89
86
81
102
99
90
82
103
86
92
77
97
92
86
85
79
79
71
68
86
85
89
84
86
92
67
97
72
69
70
74
74
93
85
72
71
72
74
79
73
68
73
74
80
77
89
75
81
76
77
82
78
83
79
87
83
78
76
79
75
79
71
73
74
80
92
85
80
81
93
86
79
78
75
76
77
75
79
81
79
80
84
76
72
80
74
75
77
76
81
76
78
78
72
84
77
79
72
114
83
77
80
100
81
80
85
77
75
77
72
72
85
81
81
74
75
75
72
76
76
74
70
71
73
90
74
79
75
76
73
83
95
93
83
89
85
76
81
110
104
85
81
78
81
78
83
87
77
77
75
70
71
70
76
83
96
72
82
77
87
75
76
67
78
74
76
79
72
80
82
89
73
71
71
76
74
71
74
81
77
73
82
75
75
77
73
75
72
74
80
72
82
81
88
80
71
82
83
76
76
69
67
68
67
73
71
79
77
77
64
91
108
84
117
108
91
80
81
100
86
89
86
92
115
111
95
94
86
138
143
123
78
72
102
86
79
74
81
71
88
146
87
89
78
102
100
80
80
79
81
115
82
87
83
84
79
83
75
70
71
69
67
69
102
75
75
69
69
70
79
76
73
71
72
66
71
67
72
77
66
67
69
66
76
71
71
72
68
75
70
70
75
67
64
74
64
69
67
75
73
69
67
75
70
72
68
65
69
67
68
68
65
66
69
85
66
71
63
61
79
73
76
75
70
69
89
71
65
70
67
66
74
74
70
73
72
70
75
75
125
80
74
82
74
76
80
77
67
69
79
66
69
67
75
83
84
88
69
69
67
81
67
71
74
65
70
84
70
69
66
63
73
63
67
70
74
80
69
70
67
68
66
70
71
78
78
65
85
64
73
68
88
74
76
76
76
71
67
74
73
74
81
105
72
71
69
62
73
72
71
66
68
62
65
65
75
81
71
99
74
80
86
72
73
70
98
72
73
77
80
81
76
68
80
78
82
72
81
70
73
70
71
69
66
79
68
65
67
71
71
96
77
67
64
77
69
79
65
71
75
76
75
73
72
71
80
67
70
74
76
92
80
72
65
73
71
73
76
85
83
98
99
89
82
76
67
81
70
68
68
75
69
65
68
66
72
64
67
73
64
62
63
72
67
68
67
67
75
66
65
71
67
67
69
70
67
68
66
63
64
96
74
68
67
115
75
72
77
80
72
62
62
76
73
67
79
75
70
62
72
74
75
74
73
71
83
75
74
72
80
73
97
74
81
73
77
65
69
71
69
62
64
70
75
67
74
75
70
71
67
66
65
75
73
76
77
73
71
65
68
64
66
68
77
67
63
66
64
77
69
73
72
67
70
68
69
68
75
79
72
77
70
70
69
68
68
66
77
82
81
72
74
84
78
63
81
69
71
68
77
69
70
67
67
74
71
88
87
74
73
76
74
70
68
74
70
70
70
69
71
72
79
76
71
72
68
93
75
87
71
74
72
72
79
72
78
71
66
70
67
74
66
68
68
74
77
71
69
79
77
76
70
66
70
81
68
71
71
75
66
75
71
76
65
72
76
74
75
84
74
68
70
68
69
67
79
73
62
65
75
82
80
72
65
75
66
63
66
64
75
68
70
67
67
73
70
70
63
68
64
68
68
67
66
62
67
65
63
63
64
69
76
73
70
70
67
70
68
70
65
63
64
66
74
70
73
73
80
82
85
78
78
73
86
70
