23
19
15
16
15
17
16
18
25
17
17
16
15
15
25
18
19
19
22
16
23
21
21
22
21
25
22
23
20
22
22
18
17
23
18
18
26
40
60
24
19
17
24
16
17
18
20
16
27
27
18
26
16
30
34
47
16
24
21
23
20
19
17
23
24
21
53
22
16
16
23
16
15
20
20
21
20
19
21
18
17
20
23
18
17
17
17
17
16
17
16
16
16
16
16
16
44
16
16
18
17
15
16
63
15
23
16
28
16
21
15
15
15
15
37
25
23
20
58
35
19
19
18
30
16
16
16
17
16
16
21
16
21
21
16
16
15
16
16
17
17
19
17
18
24
19
26
25
36
18
19
22
18
27
24
18
18
17
19
18
16
17
19
54
24
16
23
23
62
16
34
18
15
16
15
17
15
15
16
16
25
24
17
18
16
53
22
22
17
17
23
23
17
18
17
21
16
16
17
16
16
16
20
19
17
16
25
16
18
16
16
23
17
18
26
24
48
19
18
17
19
26
27
18
17
24
37
18
24
18
18
17
28
19
19
20
19
18
17
18
18
21
18
17
23
25
23
24
24
25
18
17
16
16
15
16
16
19
16
24
23
22
16
18
16
16
16
16
17
17
17
16
17
19
17
17
17
16
16
19
17
19
19
18
19
17
17
18
23
22
20
21
17
15
16
16
15
15
15
15
16
16
16
34
19
21
21
21
19
22
21
20
18
16
16
15
16
21
18
20
20
22
18
19
23
22
22
17
20
24
19
17
16
21
19
17
18
17
16
17
16
17
18
24
15
16
18
17
24
20
19
18
20
19
19
18
29
48
24
19
17
16
16
16
17
18
17
17
16
17
23
20
17
15
17
16
23
19
19
17
17
17
18
21
16
15
15
16
19
15
16
17
17
15
16
16
19
16
16
17
21
19
23
17
17
16
17
17
15
17
21
24
23
23
23
21
22
23
24
23
55
21
24
24
23
22
23
20
20
26
16
15
15
24
27
24
18
21
20
23
22
16
16
16
16
21
17
22
18
18
22
23
21
17
17
17
16
17
18
17
17
16
18
19
16
21
22
21
17
16
22
17
19
19
16
16
17
17
17
17
19
18
17
18
24
22
20
19
19
20
21
29
16
22
22
19
20
17
22
18
18
20
18
20
18
24
24
50
40
24
21
21
22
21
17
16
17
17
18
16
16
16
18
17
16
17
17
17
16
17
17
16
16
18
16
17
16
16
20
17
17
15
17
17
16
18
17
22
15
16
15
15
17
17
16
18
17
27
16
16
15
18
19
18
17
19
18
18
16
18
24
23
22
21
23
23
25
23
23
25
23
20
25
19
19
17
43
20
18
19
19
18
18
18
17
19
19
18
19
20
17
16
17
19
24
20
23
17
16
24
23
21
21
21
21
21
16
16
17
16
18
16
17
24
21
21
21
21
19
16
15
17
16
20
17
16
16
23
23
23
17
16
17
17
16
19
17
17
16
19
17
17
17
17
17
17
17
17
16
16
16
21
18
17
18
17
18
29
20
23
24
18
17
16
16
17
17
16
17
17
16
21
17
17
16
16
16
16
17
16
16
15
16
16
23
17
15
22
17
22
17
23
16
16
22
19
17
20
20
16
18
16
18
21
20
19
20
17
20
16
19
16
23
17
17
17
18
17
17
16
16
19
18
19
18
15
17
17
18
15
18
18
16
19
16
16
16
17
21
18
20
20
20
21
20
20
21
20
17
19
24
19
21
19
18
15
20
20
20
22
17
19
20
21
19
24
22
22
19
17
16
20
19
19
20
17
19
18
16
15
17
17
16
16
17
21
18
27
18
16
17
17
17
17
15
16
25
16
24
25
24
24
16
16
18
17
18
18
18
17
17
23
48
19
19
20
17
20
21
16
15
22
15
22
21
20
21
21
17
17
15
16
15
20
18
23
41
16
15
15
15
17
22
21
17
16
17
16
23
17
23
17
16
19
17
18
17
16
16
16
18
20
16
15
17
21
18
19
20
17
21
16
25
16
16
15
16
16
15
15
27
22
22
20
15
22
15
15
16
14
17
15
22
16
20
16
16
16
16
16
16
17
16
25
22
22
17
15
23
20
16
15
15
16
14
25
22
16
17
16
15
17
15
16
17
16
15
18
20
17
18
16
22
17
16
16
26
15
16
16
18
16
17
27
23
15
16
19
18
18
19
20
20
23
18
18
16
15
16
26
19
21
18
20
20
19
18
18
19
16
19
16
16
16
16
15
21
20
16
15
15
16
16
15
17
18
18
26
23
25
