5
6
4
4
4
4
4
4
5
4
5
5
4
4
4
5
6
4
6
28
4
5
7
5
4
4
4
4
4
4
4
4
4
4
5
5
4
4
6
4
4
6
4
4
4
4
5
5
5
5
5
4
5
5
7
4
11
5
6
4
4
5
4
5
4
4
4
4
4
5
9
8
4
6
4
4
9
5
4
7
5
7
4
35
6
4
10
11
6
4
5
28
4
5
4
4
4
4
5
4
5
4
11
7
4
5
5
4
7
4
5
4
4
7
6
4
4
4
7
3
5
4
3
4
4
4
4
4
24
4
9
30
7
4
4
5
5
4
4
5
4
4
4
9
4
8
11
4
5
5
7
5
6
8
6
6
5
6
6
4
3
3
3
4
6
10
5
5
5
4
5
7
4
3
5
5
4
4
4
4
5
4
4
4
4
4
4
4
4
8
5
4
6
4
4
8
4
5
9
6
5
8
5
6
6
5
4
4
6
5
37
3
8
5
4
3
4
5
4
6
4
6
4
4
5
5
4
6
6
6
5
5
4
3
4
4
4
6
20
9
11
4
4
4
5
4
4
4
4
4
4
4
4
4
4
4
4
4
4
4
4
4
4
6
4
5
5
13
4
4
5
4
5
5
5
4
7
5
4
4
4
4
4
6
5
6
5
6
4
6
7
9
4
10
7
6
4
4
8
4
6
7
8
3
4
4
4
4
4
4
4
4
4
5
8
7
7
4
4
5
22
8
6
9
7
8
11
35
10
8
6
6
5
4
5
7
5
4
5
4
8
5
4
8
11
5
5
5
4
4
4
4
4
5
10
3
4
4
4
5
5
4
4
4
4
3
4
4
6
5
5
4
6
7
6
4
6
4
4
4
4
4
6
4
4
4
7
7
4
6
4
5
6
5
4
6
5
6
4
7
7
6
6
4
5
4
4
4
5
5
6
6
8
4
4
4
4
7
6
8
6
4
6
6
10
4
4
5
5
5
4
5
5
4
4
4
4
5
4
4
4
4
4
4
6
7
4
4
11
8
3
5
6
5
4
7
4
6
4
5
4
4
4
5
5
4
4
4
5
6
7
4
6
4
5
4
4
5
6
4
4
4
6
4
4
5
6
4
5
4
4
7
6
7
36
4
4
4
16
6
4
8
6
4
4
4
6
4
4
4
3
5
3
3
4
4
3
4
6
10
11
7
4
4
6
10
7
4
4
6
4
5
4
4
4
5
5
4
8
5
4
3
4
4
4
6
4
7
5
5
4
4
4
4
4
5
6
4
5
6
5
4
5
4
5
5
5
5
11
4
11
12
9
5
4
4
4
4
6
6
4
11
4
5
6
7
4
4
4
4
4
4
4
5
5
4
4
6
4
5
5
4
7
4
4
5
5
4
4
3
5
5
4
4
4
4
5
8
35
4
4
3
4
4
5
7
4
6
4
13
5
4
5
6
4
4
4
4
4
4
5
3
4
4
4
4
5
4
6
4
4
3
3
4
4
4
4
4
4
4
5
4
3
4
4
4
4
4
4
4
4
4
4
4
4
5
3
4
3
3
3
7
5
3
4
4
4
4
4
4
4
4
5
4
4
5
4
4
4
6
4
4
4
4
3
4
4
4
4
4
4
3
4
4
3
4
5
4
4
4
4
4
4
4
4
4
4
4
4
4
5
4
4
4
4
4
4
4
4
4
4
4
4
4
4
4
3
4
4
4
4
4
4
4
4
4
6
5
8
5
6
8
18
9
10
9
4
8
3
5
4
3
4
5
4
5
4
5
4
4
4
5
4
4
4
4
4
4
8
4
4
4
7
5
6
4
4
4
4
4
5
4
4
3
4
4
5
5
5
6
30
4
6
5
4
4
4
4
4
5
4
4
4
5
3
4
5
4
4
4
4
4
4
5
5
4
5
4
5
5
5
4
4
9
4
4
4
11
4
3
4
4
4
4
5
6
9
4
4
4
6
4
4
4
4
5
10
4
4
4
4
4
4
4
4
4
4
7
5
4
4
4
4
4
4
4
9
4
4
4
4
5
5
4
4
5
4
4
4
4
3
4
4
4
4
4
4
4
4
4
6
4
7
9
4
5
5
4
4
4
4
6
4
6
4
5
4
4
4
5
4
5
5
4
4
4
5
4
5
5
5
6
5
6
6
4
3
5
6
6
4
6
4
4
4
5
5
4
7
7
3
6
4
5
4
7
5
3
4
3
4
4
5
3
4
4
5
5
6
4
6
5
5
4
8
4
4
6
4
5
5
4
4
4
4
4
4
5
4
4
