54
62
117
84
73
68
59
46
51
56
43
47
58
77
39
45
53
48
38
59
73
64
68
78
56
48
44
43
49
43
40
43
42
44
82
48
42
55
49
42
46
44
43
42
43
43
45
41
43
47
41
43
40
41
39
41
51
41
44
43
43
46
43
41
41
38
50
45
52
44
46
39
37
44
44
39
40
41
36
41
43
45
43
48
46
43
42
48
42
39
56
46
62
62
49
46
48
53
41
41
63
59
72
82
54
92
100
82
119
135
68
50
48
48
42
41
45
47
40
49
39
45
46
40
45
38
44
46
38
42
41
40
41
45
40
48
49
39
40
47
44
42
42
42
44
48
42
45
44
49
47
41
47
39
41
42
39
40
43
39
41
42
41
51
39
46
46
46
50
48
43
41
46
45
42
44
53
39
40
50
80
53
57
52
67
52
49
46
56
50
50
49
57
48
52
54
48
53
44
55
52
48
46
53
53
51
68
61
51
49
50
44
49
50
48
48
44
46
51
47
59
52
57
50
46
38
40
45
43
41
42
41
41
50
42
47
59
48
54
51
44
60
49
41
54
52
62
69
53
41
52
44
52
56
46
45
48
52
46
42
47
44
49
48
53
48
45
50
50
52
60
53
55
50
50
49
48
45
64
46
47
53
48
56
48
65
51
50
55
46
52
48
61
49
51
49
54
44
48
44
42
46
55
54
64
55
54
47
46
45
49
50
51
46
50
62
48
49
50
46
51
51
51
80
52
45
66
49
48
48
48
46
45
53
47
50
52
63
45
55
51
43
47
42
46
57
56
42
41
53
44
42
41
42
45
54
43
49
47
56
51
106
62
53
55
45
51
51
54
53
50
62
51
46
53
79
84
81
57
56
57
52
61
52
54
50
45
45
41
45
57
55
53
53
51
49
47
64
45
81
63
76
77
61
49
43
44
51
45
52
56
55
57
50
54
48
42
54
47
57
47
55
58
57
50
61
50
51
50
49
49
50
50
50
51
48
47
56
50
46
49
48
46
46
44
42
59
45
45
48
42
41
42
48
47
42
64
46
56
50
41
42
44
47
54
69
67
49
52
55
69
63
46
46
48
46
52
45
50
47
48
45
47
45
52
51
46
53
45
45
47
49
45
47
48
47
49
44
43
45
42
38
38
40
37
39
37
42
38
37
43
44
46
43
38
42
47
42
37
41
40
42
41
44
45
38
46
47
45
46
49
45
46
49
65
69
49
47
52
47
47
47
44
45
40
38
38
49
44
38
47
46
45
53
41
72
49
43
47
46
46
46
45
48
38
45
39
39
39
40
43
39
49
38
38
57
40
43
41
41
49
55
44
58
46
60
47
45
41
40
43
43
54
42
46
41
41
47
47
42
49
43
46
53
47
50
47
42
40
52
44
48
42
41
42
47
42
45
45
46
51
45
47
42
41
44
46
41
41
47
44
46
47
48
46
49
44
45
41
40
41
44
44
41
41
41
39
41
43
45
47
43
41
39
43
41
43
40
40
40
39
45
44
45
46
64
44
44
40
54
43
39
40
45
45
39
39
40
46
40
46
49
45
50
45
40
89
39
44
41
42
41
39
41
40
40
41
49
42
47
44
46
38
44
38
42
48
70
45
43
43
45
41
40
40
42
39
40
40
39
40
53
48
43
45
42
42
45
44
40
40
40
42
38
43
38
49
40
46
41
39
39
39
45
53
40
47
43
48
48
47
54
47
45
50
41
44
40
42
41
42
43
43
40
40
39
38
45
42
42
45
49
48
47
44
41
42
46
43
46
44
42
44
42
43
44
47
41
45
48
43
44
45
47
47
42
44
42
38
43
39
44
45
40
40
42
41
42
46
44
39
37
39
43
38
38
41
42
45
39
37
40
45
42
38
43
49
39
39
44
41
43
41
47
39
40
39
46
50
46
46
47
47
49
40
41
39
37
42
39
41
52
54
52
45
43
44
41
40
40
43
47
45
41
41
41
43
40
48
49
40
41
50
42
47
38
41
40
39
40
39
39
39
41
45
46
46
47
51
47
46
48
47
49
42
61
60
39
46
42
43
42
47
46
46
40
39
39
50
44
45
44
49
47
46
47
41
42
41
50
45
42
43
42
40
47
47
45
50
46
47
48
38
37
40
39
38
41
46
45
46
40
48
44
43
43
42
41
43
40
48
43
49
39
52
49
47
43
41
38
40
38
54
42
55
44
43
46
43
44
44
44
43
42
49
48
42
52
47
44
40
42
46
48
43
49
39
43
39
42
42
41
49
47
48
61
40
38
41
37
