40
15
20
25
9
12
12
17
11
10
10
9
9
9
10
9
9
10
9
9
10
11
10
9
10
15
10
9
10
9
10
22
21
9
10
10
12
19
9
9
15
11
19
9
9
17
39
11
15
10
16
17
14
10
8
8
9
13
10
11
16
26
9
9
16
12
49
9
9
15
14
16
14
14
15
33
15
15
16
14
9
9
9
9
11
9
9
9
9
9
9
9
10
9
9
8
10
10
14
14
13
10
10
9
8
8
8
16
9
15
9
16
9
12
13
9
10
19
23
10
9
15
9
15
9
9
9
10
8
9
9
9
9
9
11
9
9
8
10
9
12
12
10
9
9
17
17
15
15
16
12
14
11
9
9
22
10
10
11
16
17
9
10
11
9
13
9
9
10
10
9
10
9
10
9
10
10
10
9
15
12
9
10
11
10
9
9
15
10
9
11
10
21
17
10
9
10
47
16
8
11
10
24
9
9
9
9
9
9
13
15
9
9
10
9
10
22
9
11
10
9
9
11
10
14
10
10
15
13
9
10
10
8
9
9
9
9
9
11
10
9
10
9
12
18
9
9
10
10
10
9
12
11
10
9
11
8
9
9
10
17
10
9
9
9
11
10
9
10
11
9
8
10
16
15
16
61
15
16
18
15
9
9
13
10
9
15
10
10
9
8
10
11
9
8
10
9
9
9
9
8
8
8
9
9
9
9
10
8
9
9
8
8
9
9
9
9
8
10
12
21
11
13
15
15
37
16
16
8
10
10
10
12
10
11
11
10
9
10
10
9
9
11
10
10
9
11
9
12
10
9
11
10
10
12
9
9
9
8
10
10
10
12
15
13
9
10
10
9
12
9
9
11
9
9
10
9
9
11
9
9
9
9
9
9
9
9
9
10
10
15
9
10
10
10
10
9
9
9
13
9
10
9
15
10
9
10
10
13
10
9
10
11
10
11
10
8
8
9
12
11
9
9
10
9
10
9
10
10
10
11
9
9
9
9
10
10
12
10
9
9
23
15
11
10
14
10
10
10
10
12
15
10
10
10
10
20
19
9
10
11
11
10
9
9
9
9
9
9
16
14
11
9
9
9
10
9
9
9
10
16
16
15
28
10
10
9
10
11
9
10
29
15
15
19
13
11
11
10
10
10
9
11
11
10
9
10
10
10
14
9
9
10
11
11
15
9
9
9
11
9
12
10
10
9
8
9
9
11
10
9
9
9
9
9
9
9
9
9
8
9
9
8
9
9
8
12
12
11
12
10
8
8
9
9
10
26
9
18
15
16
10
9
11
15
15
14
8
9
10
9
9
9
10
10
11
11
11
10
8
9
8
10
10
9
9
10
9
10
9
9
9
10
9
8
10
9
8
9
9
9
9
9
9
9
9
11
9
10
9
12
14
15
16
15
9
9
8
9
8
8
9
9
8
9
8
9
9
9
9
8
9
8
8
8
9
8
9
9
10
10
8
9
9
9
9
10
9
9
11
13
9
9
9
9
12
9
12
12
12
12
12
12
11
12
12
8
9
9
9
8
8
9
8
9
9
15
10
8
8
8
9
9
10
9
9
9
9
10
9
10
11
10
10
9
9
10
9
8
9
8
9
10
9
9
8
9
8
9
10
9
9
14
9
9
9
9
9
9
9
10
10
10
15
10
10
10
10
11
9
10
11
10
10
9
9
9
9
8
9
10
10
9
10
9
10
9
15
17
16
8
8
9
8
12
9
10
10
10
9
9
9
8
10
9
9
9
8
9
8
10
14
9
9
11
11
10
9
9
9
9
10
9
9
8
9
8
9
10
9
9
10
8
8
10
9
9
12
10
9
9
10
8
9
9
9
10
9
10
9
9
9
10
9
8
9
15
11
15
16
9
10
17
16
14
10
11
10
9
9
9
9
9
8
10
10
10
9
9
9
9
10
9
9
10
9
8
9
9
9
8
8
10
9
10
9
9
10
9
9
9
9
9
9
10
14
9
10
9
9
9
10
8
11
11
9
9
9
11
9
9
9
9
9
9
9
11
11
10
10
11
11
12
11
10
12
12
12
9
14
9
9
10
9
12
22
11
12
8
12
13
10
10
9
8
9
12
9
11
9
10
9
10
8
8
12
12
9
9
9
8
11
9
9
10
10
11
9
9
9
9
8
9
14
13
11
37
15
11
9
14
9
8
9
17
14
10
19
9
10
10
9
11
9
9
9
9
9
10
9
12
10
11
9
11
15
10
12
11
11
9
9
11
8
10
39
14
15
15
10
9
9
8
9
9
8
9
8
9
9
