33
43
61
76
83
93
69
36
40
78
53
39
54
29
28
36
28
28
38
29
36
62
37
45
40
38
50
50
42
43
40
49
42
45
43
53
44
41
38
47
28
36
68
36
30
36
34
34
36
34
35
33
32
35
34
34
33
36
34
32
27
36
35
35
42
30
35
35
37
29
33
30
37
36
29
44
28
35
37
47
40
32
35
33
30
33
29
33
42
37
33
38
32
33
38
35
35
32
29
27
39
35
30
31
65
42
74
95
44
95
56
35
52
40
42
45
63
43
60
38
32
31
30
33
31
36
38
36
33
32
29
31
30
31
29
35
27
31
38
29
30
34
28
30
27
29
38
42
30
31
27
27
28
29
28
31
32
31
28
32
33
41
42
39
37
28
30
34
54
30
33
36
32
32
67
30
36
32
28
29
33
33
31
32
38
40
44
41
45
37
37
33
38
36
38
34
34
33
36
43
35
33
39
33
30
31
37
30
31
44
33
41
36
33
46
33
34
36
36
39
29
35
30
34
30
33
45
36
36
33
29
34
56
46
35
38
38
45
45
36
70
37
36
40
38
38
42
38
31
35
33
38
40
43
56
40
31
32
33
29
29
46
28
34
36
30
31
36
31
35
31
37
33
35
31
31
35
35
42
31
33
42
38
33
35
30
34
33
35
39
29
33
32
33
40
45
36
36
32
34
35
32
32
36
38
39
40
37
35
39
45
42
39
39
46
41
38
32
37
32
33
37
35
39
35
35
39
31
42
36
40
32
36
31
44
35
47
35
38
35
29
31
30
34
34
37
36
35
35
38
38
39
36
33
33
40
58
39
41
36
36
36
37
39
41
42
40
50
42
80
42
51
56
54
41
40
37
56
35
38
37
46
34
43
36
102
75
47
65
47
42
46
62
60
49
70
30
97
54
46
41
43
31
38
41
40
40
41
40
45
41
39
41
40
47
45
44
37
44
38
38
36
40
39
43
63
44
45
29
35
46
69
40
52
46
43
61
65
101
66
60
77
36
41
31
51
59
47
65
54
38
40
29
40
40
39
55
37
51
46
41
40
55
57
57
46
40
37
43
40
40
43
70
39
40
40
36
41
37
62
55
53
38
46
58
31
50
47
44
45
60
53
50
48
40
62
48
40
44
38
29
30
34
33
30
32
30
29
33
32
63
30
34
36
39
36
31
29
34
31
33
31
41
35
37
35
36
31
34
36
36
31
39
35
29
29
30
37
35
36
36
34
35
36
36
37
33
31
31
32
31
31
31
32
31
33
34
33
29
35
28
29
29
39
36
31
40
38
33
41
33
30
28
31
31
33
30
33
27
31
27
28
37
31
28
27
29
29
34
30
28
32
28
31
32
32
30
30
30
31
32
29
32
34
27
28
27
28
27
27
27
38
29
31
31
32
36
38
44
42
41
45
41
41
33
37
37
29
30
38
28
42
33
34
29
28
29
29
28
28
27
27
38
29
39
38
35
30
32
36
30
30
32
29
32
30
30
32
30
29
41
30
37
32
36
32
31
31
34
38
28
28
32
31
29
28
30
30
40
31
39
34
30
31
31
30
31
35
31
40
38
36
31
40
30
32
43
36
33
37
35
34
36
29
35
35
27
37
34
39
33
34
32
35
32
33
32
35
35
33
46
32
32
37
35
36
31
33
35
35
34
34
35
34
35
31
31
28
35
31
29
33
30
37
29
30
31
34
35
33
32
32
38
35
33
32
29
31
35
29
29
29
31
31
33
29
27
30
32
31
38
39
34
29
28
31
34
35
36
34
35
33
33
35
37
38
34
28
33
34
29
29
28
29
29
29
32
29
36
35
33
28
36
29
64
32
30
29
27
28
29
29
34
38
35
29
31
32
36
36
29
32
28
30
33
31
28
32
36
37
29
29
36
36
35
31
33
36
36
30
28
40
37
36
43
38
37
38
35
36
36
30
29
31
28
28
36
28
35
30
35
30
31
39
30
29
28
40
29
30
28
31
29
31
32
27
30
32
31
35
28
28
27
28
27
28
29
30
28
29
29
32
32
45
28
28
36
28
27
33
27
28
33
28
31
31
31
38
35
29
36
36
29
30
28
35
39
41
34
40
32
36
67
33
29
40
38
30
30
29
28
31
29
30
29
28
38
37
38
30
36
28
28
30
37
28
28
30
29
30
34
35
29
30
34
30
34
29
29
33
33
29
30
33
29
30
31
31
30
28
34
35
32
31
30
32
31
35
36
39
37
30
43
36
41
40
39
41
34
32
36
31
30
32
29
29
32
36
30
28
