10
8
17
7
8
7
15
14
7
9
7
14
9
29
17
8
10
16
7
8
9
13
11
10
13
10
13
11
12
11
11
15
15
10
19
11
10
8
10
9
14
12
12
12
11
12
13
26
10
15
14
15
16
14
12
16
17
18
15
12
8
8
8
8
8
7
8
8
7
14
26
8
11
8
8
9
11
8
7
7
10
9
7
11
8
12
10
8
7
13
8
7
11
13
12
16
9
7
7
11
10
9
18
8
8
7
15
14
15
7
8
7
15
10
10
8
7
7
12
9
10
10
11
9
9
7
7
8
8
8
15
11
7
8
7
11
12
10
10
7
7
8
8
12
8
13
15
13
12
10
8
8
7
8
8
8
8
8
7
12
10
9
9
8
7
11
8
8
7
13
7
7
7
7
13
13
8
9
14
7
8
12
16
38
8
9
19
8
7
15
8
10
8
14
14
39
11
17
16
9
10
8
8
8
7
7
9
7
10
12
7
9
9
8
11
9
19
11
8
14
11
13
14
13
16
14
13
13
13
13
10
8
14
8
9
8
9
9
9
8
7
9
10
8
11
9
15
16
12
13
11
11
14
14
15
15
16
14
12
14
14
10
10
10
9
11
9
12
16
9
20
14
11
16
15
14
14
12
15
14
14
15
14
15
17
12
23
13
14
15
10
9
8
8
7
8
14
13
16
14
8
8
7
7
9
8
9
11
7
7
7
9
9
9
8
9
8
9
11
8
8
9
11
10
10
9
8
11
11
11
10
19
8
9
13
11
12
12
10
15
12
14
10
8
9
8
8
9
8
12
12
10
12
8
17
9
10
14
8
9
8
10
11
8
9
11
8
11
9
9
7
8
9
10
11
11
9
9
9
8
7
9
10
8
8
10
11
11
9
8
9
12
7
11
13
8
9
8
11
8
9
9
13
9
9
8
7
7
7
15
8
8
8
9
8
10
8
8
8
9
7
7
8
21
16
9
8
10
8
12
12
12
11
8
11
12
13
10
8
8
7
11
8
8
11
10
11
9
9
9
11
11
9
11
9
11
12
11
11
10
11
9
9
10
9
10
10
11
10
9
12
9
13
12
12
12
13
13
11
7
8
7
9
8
8
8
8
15
8
8
8
7
11
23
9
8
10
8
10
8
10
7
7
7
6
7
7
15
15
14
14
14
17
14
9
20
15
15
17
8
15
15
10
7
7
8
7
7
8
11
8
14
13
12
14
12
14
8
15
15
14
15
13
13
7
11
8
9
7
14
13
11
11
10
11
7
9
9
8
9
9
9
8
9
11
11
8
14
12
12
10
11
8
10
10
10
11
10
9
8
7
8
10
11
14
11
10
11
10
11
10
8
8
9
12
9
9
7
8
9
9
10
8
11
10
12
10
10
11
9
10
12
7
10
12
10
10
10
11
13
10
9
10
10
10
9
9
11
11
11
15
11
12
10
10
10
9
9
12
10
9
10
9
7
9
11
8
9
9
8
9
8
23
8
8
7
7
7
11
11
8
15
16
7
8
7
7
7
7
8
8
7
7
8
7
9
8
8
9
8
7
7
8
8
8
13
10
8
10
8
9
7
8
7
8
7
8
8
29
7
7
8
7
8
14
8
9
9
8
9
15
10
12
13
10
7
7
8
10
8
7
7
8
9
8
10
9
8
7
7
7
7
7
7
7
7
7
7
7
9
10
8
9
7
10
14
9
9
12
10
8
7
7
7
7
7
7
10
8
7
10
7
7
7
7
7
8
14
13
13
15
12
10
7
7
7
10
7
13
11
7
8
7
12
8
9
7
10
10
8
10
13
8
9
7
10
11
10
8
10
10
9
10
7
7
10
13
10
15
10
7
7
10
7
7
11
7
7
9
8
7
8
8
9
9
35
14
8
14
8
9
7
7
7
7
8
9
10
8
7
7
7
10
8
8
8
8
8
8
8
13
38
13
14
14
24
13
14
9
14
8
10
9
9
10
7
10
9
8
7
8
8
10
11
11
10
7
7
7
8
8
8
10
7
10
9
11
8
11
10
8
9
8
9
7
9
7
7
8
8
7
7
7
7
9
7
13
8
10
10
8
10
8
9
8
8
12
8
8
11
8
8
7
9
10
11
8
7
10
10
10
9
9
10
9
7
10
10
13
8
8
8
9
9
7
7
8
7
13
11
18
18
11
12
12
7
7
9
10
29
8
8
8
15
13
13
14
7
12
8
8
8
18
13
13
16
15
10
11
14
13
8
7
8
9
9
7
8
9
11
11
8
7
9
7
10
17
8
9
11
