20
23
19
19
20
19
20
20
27
29
20
25
35
31
21
21
22
21
19
19
27
28
36
31
35
25
38
33
34
37
35
35
31
30
32
34
27
30
27
27
35
36
38
39
64
38
27
28
28
31
43
38
43
41
38
30
29
55
39
36
19
20
21
29
27
26
26
21
29
35
23
25
29
21
21
19
19
19
27
27
20
20
20
23
22
21
22
21
19
19
22
19
19
20
28
28
25
20
29
25
24
21
25
31
23
22
22
23
21
24
26
21
20
23
23
23
26
20
21
20
20
21
20
22
27
23
25
23
23
23
23
29
30
20
20
20
21
19
25
23
25
21
22
23
21
28
61
26
27
30
22
28
27
27
22
22
20
21
28
34
24
23
26
23
21
21
25
21
27
36
27
24
49
26
27
28
23
21
26
27
29
22
27
22
22
20
21
27
26
24
31
30
31
37
32
25
26
31
29
30
24
23
23
22
26
24
24
23
21
21
21
24
29
22
21
22
24
23
22
29
21
34
21
25
22
21
21
28
29
21
29
28
26
24
25
21
22
29
68
23
23
29
23
23
23
24
22
22
23
24
23
27
28
25
23
22
26
20
20
23
21
22
26
23
23
20
21
20
21
20
21
24
22
20
21
22
20
25
21
27
26
30
29
25
24
22
27
25
27
24
25
26
27
27
26
25
26
26
32
26
27
29
33
32
23
28
31
34
31
28
29
24
30
29
30
28
70
31
29
34
28
29
28
28
28
25
24
25
26
27
27
24
26
23
21
23
40
23
24
26
28
29
22
25
22
22
26
22
29
23
21
23
21
23
29
23
33
21
22
22
26
28
30
27
24
32
22
23
24
24
22
23
21
22
21
22
58
29
34
29
28
24
22
27
28
28
27
28
23
21
23
30
30
30
32
29
30
48
25
23
23
22
24
24
25
25
22
21
22
23
22
22
23
22
24
25
23
25
27
21
24
27
26
27
28
27
29
28
29
33
30
30
30
26
25
21
25
23
28
27
33
23
26
24
31
26
27
27
24
27
27
29
25
23
24
23
25
23
25
27
26
26
26
24
25
28
28
33
31
29
33
31
28
26
22
35
26
24
21
21
36
22
22
22
23
22
21
22
22
20
21
24
23
26
22
21
21
22
24
22
23
22
23
20
25
27
27
23
22
22
22
22
22
28
26
21
22
23
21
23
24
22
21
24
22
23
23
22
22
25
25
20
26
27
31
34
22
20
27
21
24
29
22
27
22
54
23
23
30
29
33
22
19
23
24
19
21
30
28
35
27
27
29
30
33
25
26
29
29
31
28
25
26
52
27
23
23
23
22
23
20
21
26
21
23
25
25
21
26
22
21
21
20
21
20
20
20
21
21
20
21
27
25
21
25
22
21
21
21
21
21
22
20
24
20
21
24
22
20
22
26
25
28
27
27
27
29
23
23
24
23
23
27
21
21
20
19
19
19
19
19
23
20
23
20
20
21
21
25
24
24
28
24
21
19
20
24
22
20
20
20
20
23
20
20
28
23
26
20
22
27
20
27
22
24
22
24
26
26
27
28
21
30
27
28
20
27
22
22
26
26
21
23
20
27
29
28
54
20
20
21
21
22
22
21
21
25
23
23
26
22
23
21
22
23
26
21
26
27
26
26
26
27
25
24
20
21
24
33
28
28
22
31
32
29
20
27
29
31
29
28
32
28
23
21
20
28
28
22
27
27
22
20
20
24
21
21
28
20
20
22
21
21
28
30
23
24
24
25
25
23
21
22
21
22
31
31
22
22
20
27
26
28
27
33
37
22
22
24
20
22
27
22
21
20
21
23
23
21
21
20
19
19
19
22
23
21
28
23
21
26
22
22
23
23
23
20
20
22
27
29
20
19
19
20
22
21
20
23
23
25
19
21
20
19
19
19
21
28
27
22
19
19
19
19
21
19
20
19
23
22
27
22
19
19
20
25
19
31
20
26
19
19
20
19
19
19
19
23
29
25
20
21
23
22
22
26
22
21
24
23
24
24
24
25
23
23
23
24
23
25
24
24
24
24
24
22
25
26
21
22
19
19
21
19
19
31
21
25
25
20
19
25
22
21
21
21
24
25
29
25
26
25
23
31
31
22
23
24
24
22
24
24
26
27
33
20
25
26
22
21
20
23
21
23
20
21
23
24
21
29
22
22
22
28
20
22
25
24
20
22
28
28
26
21
24
25
26
25
21
21
21
25
25
19
20
20
29
26
25
21
20
26
25
21
20
19
22
22
24
22
22
25
22
21
27
28
28
27
21
