96
94
159
134
100
110
119
356
148
131
138
147
122
158
122
115
115
98
198
151
112
129
149
153
178
194
197
165
117
110
113
129
123
112
108
104
107
104
104
125
103
109
157
120
118
128
120
123
115
110
110
116
125
97
105
105
99
112
101
113
102
101
104
103
103
102
102
106
103
97
105
102
117
104
107
110
106
107
122
117
122
105
106
111
101
99
99
105
102
102
99
120
120
111
100
108
116
111
117
104
157
100
128
114
146
119
109
128
104
170
143
98
165
102
109
103
105
98
105
93
110
105
97
99
117
102
109
108
103
105
103
108
98
103
103
97
104
110
106
111
113
102
102
101
98
105
103
102
103
100
101
97
106
98
98
101
98
101
100
97
100
103
105
109
101
99
98
107
109
102
102
98
97
119
98
105
93
101
102
110
99
107
105
98
108
106
118
110
109
105
105
101
102
107
98
106
108
107
101
105
113
126
120
120
122
121
123
117
114
111
109
115
116
116
113
112
115
111
114
111
100
133
98
111
100
121
110
118
108
112
109
97
111
168
159
167
141
176
119
100
108
101
106
104
107
101
111
109
109
102
112
116
115
101
98
113
102
109
105
100
103
100
97
98
103
97
109
107
102
106
106
103
121
107
102
105
101
108
106
109
112
108
104
106
103
95
106
103
111
104
108
103
105
98
136
111
99
125
101
112
105
115
100
103
99
105
110
119
109
109
107
96
111
105
110
115
114
116
114
109
105
113
108
103
107
114
104
101
101
96
97
113
102
110
110
112
138
109
110
104
113
112
111
108
109
108
104
104
104
104
104
110
105
111
94
106
106
97
96
100
102
98
113
111
109
99
113
105
119
109
106
106
112
111
104
110
111
105
105
106
99
111
116
116
110
108
105
105
100
101
99
106
102
106
93
108
99
104
102
108
96
109
109
106
105
123
107
101
101
99
98
107
109
115
115
106
106
113
96
101
99
108
103
113
110
108
105
101
133
105
110
115
99
111
109
107
109
99
94
93
96
107
109
112
103
119
122
109
95
99
108
108
102
108
107
108
107
110
107
108
102
108
107
107
102
104
101
98
100
100
108
102
112
114
107
109
102
103
100
108
105
103
102
103
105
104
108
107
100
102
100
108
98
103
106
108
116
104
104
101
107
97
102
98
98
111
108
107
108
103
100
109
106
111
104
107
108
113
108
108
104
104
102
97
115
103
106
104
111
105
102
106
105
105
102
101
102
105
102
97
111
105
102
102
107
112
108
101
111
111
107
107
102
108
164
113
111
102
104
103
101
112
114
104
102
103
103
107
103
102
104
105
101
101
100
109
106
108
116
97
108
110
107
102
109
110
108
98
97
97
97
100
97
98
101
96
105
108
111
104
105
107
101
103
104
114
103
108
105
102
104
103
106
104
105
101
101
103
107
111
106
104
104
106
101
102
100
110
98
107
106
106
107
109
103
107
103
106
104
102
104
105
108
106
112
107
109
110
109
103
110
104
106
104
104
110
100
96
116
102
112
108
108
105
104
109
116
108
112
106
109
106
152
105
118
111
108
104
108
114
107
106
107
108
108
115
110
114
104
105
110
103
103
103
104
103
107
101
111
108
106
109
102
107
102
107
106
106
117
107
105
123
110
103
107
107
104
103
102
101
108
110
108
108
108
104
104
99
95
97
96
94
105
112
102
106
105
108
104
109
102
97
96
104
112
108
113
104
96
105
129
99
107
106
100
100
100
101
105
103
107
108
103
98
95
102
101
95
106
99
95
109
111
114
114
103
103
122
109
110
103
109
127
107
108
109
107
107
110
109
127
109
103
95
106
106
106
101
104
102
102
102
106
100
100
98
104
99
104
100
104
101
105
98
102
100
100
139
100
105
105
105
104
99
99
100
100
100
99
106
107
124
106
118
101
98
99
99
98
98
99
98
101
99
121
99
107
103
104
102
101
104
100
106
102
105
97
98
98
100
104
102
105
107
100
99
108
102
106
98
107
119
98
97
95
107
108
105
106
98
98
105
103
110
103
102
102
101
112
100
104
102
106
105
100
103
111
111
146
111
118
111
106
133
103
107
111
126
99
108
104
104
123
100
110
104
98
94
101
107
105
104
103
103
103
104
123
105
103
102
106
107
102
107
108
102
94
95
94
94
99
94
97
105
121
110
125
120
110
101
101
106
99
126
100
100
99
99
107
104
98
99
94
100
102
106
103
112
106
103
102
101
99
106
97
103
95
97
106
104
98
121
102
98
97
94
98
94
99
99
97
103
94
119
113
104
100
103
101
104
