8
8
7
7
55
29
26
28
21
11
13
10
15
12
12
7
17
28
11
10
17
16
16
18
10
10
10
15
12
9
9
9
9
10
9
10
11
10
9
11
8
10
11
10
8
11
8
9
7
7
7
8
6
10
7
6
7
7
8
6
7
7
7
9
13
22
35
10
12
11
9
7
8
8
7
6
9
9
8
7
9
8
9
14
22
7
7
7
7
8
13
8
14
13
10
9
12
11
10
18
21
13
7
17
47
56
8
16
8
7
8
8
8
8
8
12
14
13
8
7
9
8
9
7
9
7
7
7
11
12
8
7
7
7
8
7
8
9
9
11
8
11
13
7
9
8
8
7
9
9
8
10
8
8
8
7
11
16
13
17
9
13
8
15
7
9
8
7
8
8
8
7
7
11
8
7
6
10
8
8
17
9
9
14
14
7
7
7
14
20
17
8
8
7
7
11
9
9
8
7
8
8
14
16
9
10
14
8
8
8
8
13
9
8
7
7
8
18
14
7
7
8
8
10
9
8
8
9
8
8
8
8
7
7
11
8
24
8
15
14
11
8
8
9
8
11
10
9
9
10
10
8
7
8
8
7
8
8
8
8
9
7
11
10
9
14
7
11
8
10
9
13
9
8
9
12
9
11
12
12
15
14
11
15
35
18
13
22
16
26
17
14
11
11
14
17
38
14
14
13
13
13
13
14
13
13
13
14
14
13
16
8
13
13
13
7
7
7
7
7
7
7
7
7
8
10
7
10
7
9
9
9
8
8
7
10
8
8
9
7
7
9
7
7
10
7
9
8
11
8
7
9
11
7
7
8
8
17
9
10
9
9
13
8
12
11
11
8
7
7
9
7
7
7
8
11
7
9
9
8
7
7
11
9
12
13
10
11
9
8
8
8
8
12
7
8
9
7
7
8
8
7
7
8
8
8
7
9
15
8
8
7
8
9
8
9
10
18
10
8
8
12
18
16
14
14
40
7
8
8
8
10
11
15
13
17
10
15
10
12
10
7
14
7
7
14
7
8
7
7
13
21
13
13
14
11
9
10
8
11
10
13
11
6
12
10
8
8
18
8
8
8
12
9
15
7
7
8
14
8
8
8
7
9
8
9
8
7
11
12
8
14
14
7
14
18
8
7
11
9
7
8
7
8
7
8
8
8
7
7
7
7
7
8
8
8
7
7
8
9
8
9
14
15
15
13
14
14
13
16
14
16
15
16
8
10
10
10
17
13
9
9
8
9
8
8
10
10
12
13
12
15
10
13
15
12
13
10
10
14
15
16
11
14
9
10
8
8
7
9
8
7
8
18
13
15
15
15
16
36
18
14
7
8
15
8
8
7
8
7
9
14
10
14
13
13
15
29
17
13
9
11
7
10
7
8
7
7
7
9
7
8
15
15
14
14
15
21
7
8
7
7
10
13
13
7
7
8
13
8
7
8
7
7
7
7
10
10
8
10
7
7
8
7
8
7
8
8
8
8
7
11
8
8
8
7
7
8
8
10
7
7
7
7
8
8
7
7
7
7
9
7
8
7
7
8
11
12
10
7
8
7
10
7
8
9
8
7
7
9
7
8
7
10
9
8
8
8
10
7
10
9
7
7
7
9
9
16
7
7
8
8
7
14
13
14
13
13
14
8
8
8
8
9
10
7
7
8
7
8
7
8
7
7
7
8
11
8
7
8
7
7
8
7
7
11
8
7
6
8
7
8
7
9
6
7
8
8
7
7
8
7
7
7
7
7
9
7
8
7
9
8
10
9
8
8
7
8
7
9
7
7
8
8
7
10
7
7
10
7
7
7
9
7
8
8
8
8
7
10
8
9
10
8
12
13
12
8
9
8
8
9
7
7
7
7
8
15
16
14
9
9
8
7
7
7
8
8
7
7
8
8
7
8
7
8
14
7
12
9
8
7
7
7
9
9
7
37
13
17
11
9
18
16
16
16
17
17
17
15
17
15
14
8
14
13
12
10
9
7
7
8
8
7
7
7
15
8
7
8
11
7
12
7
9
10
10
8
9
9
11
9
9
7
8
11
9
8
10
14
10
7
8
8
8
7
7
8
7
8
7
7
7
18
13
33
7
8
8
8
8
7
7
7
7
7
8
9
8
8
7
8
7
10
8
10
9
7
7
8
8
7
7
7
8
7
7
8
7
7
7
7
7
7
7
9
7
14
11
14
8
8
7
15
8
9
8
7
7
7
7
8
8
42
7
12
14
15
13
15
15
13
13
13
14
13
13
8
7
7
9
6
9
8
7
9
8
8
8
8
