8
8
8
9
10
17
9
18
9
10
10
8
8
9
10
10
9
10
16
13
13
9
11
10
13
10
17
11
15
12
9
11
8
10
12
10
9
8
17
9
13
10
11
10
9
10
33
11
10
9
23
9
11
10
10
11
10
10
10
10
14
9
15
10
15
15
13
9
11
15
9
8
9
9
9
16
9
8
9
14
10
16
10
10
10
9
9
10
10
12
9
16
12
11
22
10
9
10
9
9
14
15
9
15
8
10
15
10
11
13
20
20
35
17
13
10
11
12
9
12
9
9
15
8
9
8
8
9
9
9
9
15
9
16
12
10
9
9
9
11
10
9
8
9
9
9
9
10
14
9
8
9
9
13
17
10
9
11
10
18
22
16
16
10
11
9
10
9
10
9
9
10
11
9
9
9
9
8
12
9
10
16
10
9
9
8
17
18
16
10
10
15
15
15
15
17
17
15
9
15
10
9
12
10
12
15
18
10
11
12
12
10
10
10
18
10
12
12
12
11
11
9
11
10
10
10
10
9
10
16
18
14
43
10
9
9
9
9
10
9
9
9
9
8
9
9
9
9
10
10
9
11
9
10
9
9
12
10
10
10
8
10
12
9
10
11
10
8
9
9
10
10
10
9
14
10
10
11
11
13
9
9
9
9
10
16
15
12
16
17
8
9
9
9
9
12
15
12
11
13
13
9
9
8
9
9
13
16
16
16
9
15
55
16
15
15
16
15
8
17
9
34
10
8
9
15
13
10
11
10
14
12
9
10
12
20
9
8
9
10
11
9
10
9
10
10
8
13
13
10
10
9
8
9
8
9
9
8
8
9
9
9
29
9
13
15
9
12
10
13
11
11
11
10
11
10
10
9
10
9
11
11
10
11
11
10
11
9
14
10
9
8
8
10
9
10
18
19
20
19
11
19
12
11
9
9
19
11
16
16
17
19
16
44
15
14
15
17
17
16
15
25
9
16
9
14
9
13
10
9
9
9
10
9
9
9
9
12
9
11
10
10
10
10
8
13
8
9
12
14
19
15
13
50
16
41
20
10
27
15
17
15
13
10
21
19
10
18
19
20
16
14
44
12
35
9
9
10
13
9
20
20
10
14
18
12
13
11
10
10
10
16
13
11
12
9
9
9
13
10
8
9
18
9
9
10
18
9
10
14
13
13
9
10
9
10
15
10
10
11
10
9
8
10
10
9
12
11
9
9
8
9
10
10
9
10
9
10
11
9
9
10
9
10
19
10
10
11
11
22
15
9
10
18
19
14
10
9
10
10
10
10
10
9
11
9
9
9
9
10
9
9
10
9
9
9
10
9
9
10
11
10
9
13
10
9
10
8
8
10
10
11
10
9
9
9
10
10
10
9
9
9
16
9
18
16
15
14
10
17
16
10
9
18
9
10
11
9
8
10
9
14
10
12
10
10
10
10
9
10
9
10
10
9
9
12
11
10
9
9
11
17
14
9
15
15
17
16
15
10
10
19
11
12
10
9
17
23
11
16
15
10
9
10
9
8
10
9
9
9
10
10
9
13
18
12
9
8
11
19
11
10
10
12
11
11
11
9
9
10
12
16
10
9
9
12
9
11
8
10
10
9
10
12
11
10
11
11
9
9
9
10
9
10
10
9
12
11
9
8
8
18
16
8
8
9
9
9
9
17
16
16
9
11
11
9
9
9
10
9
13
13
11
11
10
10
10
10
9
10
9
11
11
10
10
10
15
22
15
15
15
12
13
11
10
9
10
10
11
10
10
10
13
8
9
9
16
9
13
11
9
12
16
12
12
13
9
14
10
14
12
11
11
11
13
12
12
11
11
9
10
10
9
10
9
9
9
9
9
17
10
9
8
10
9
10
9
10
10
9
9
11
16
14
14
17
15
14
16
9
9
11
10
9
9
9
9
8
9
18
16
18
18
10
11
10
10
10
9
8
9
9
9
8
12
10
9
9
9
8
9
10
9
11
10
9
10
9
9
9
9
9
9
15
10
12
10
10
8
9
9
9
10
12
9
9
9
10
8
9
10
9
9
9
9
9
9
9
9
10
10
9
17
10
10
9
9
9
21
10
9
12
11
16
13
11
9
9
8
9
9
8
9
9
9
9
16
9
13
15
9
10
9
9
9
8
9
8
9
9
8
8
8
16
10
9
10
9
9
9
9
9
9
9
9
8
10
9
8
19
9
9
8
8
9
8
8
8
9
9
9
11
9
9
9
9
10
8
9
19
15
16
10
9
10
9
10
8
13
12
9
9
11
9
11
9
9
10
11
11
