0 0 0 0 0 0 0 1
0 0 0 0 0 0 0 1
0 0 0 0 0 0 0 1
0 0 0 0 0 0 0 1
0 0 0 0 0 0 0 1
0 0 0 0 0 0 0 1
0 0 0 0 0 0 0 1
0 0 0 0 0 0 0 1
0 0 0 0 0 0 0 1
0 0 0 0 0 0 0 1
0 0 0 0 0 0 0 1
0 0 0 0 0 0 0 1
0 0 0 0 0 0 0 1
0 0 0 0 0 0 0 1
0 0 0 0 0 0 0 1
0 0 0 0 0 0 0 1
0 0 0 0 0 0 0 1
0 0 0 0 0 0 0 1
0 0 0 0 0 0 0 1
0 0 0 0 0 0 0 1
0 0 0 0 0 0 0 10
0 0 0 0 0 0 0 10
0 0 0 0 0 0 0 10
0 0 0 0 0 0 0 10
0 0 0 0 0 0 0 10
0 0 0 0 0 0 0 10
0 0 0 0 0 0 0 10
0 0 0 0 0 0 0 10
0 0 0 0 0 0 0 10
0 0 0 0 0 0 0 10
0 0 0 0 0 0 0 10
0 0 0 0 0 0 0 10
0 0 0 0 0 0 0 10
0 0 0 0 0 0 0 10
0 0 0 0 0 0 0 10
0 0 0 0 0 0 0 10
0 0 0 0 0 0 0 10
0 0 0 0 0 0 0 10
0 0 0 0 0 0 0 10
0 0 0 0 0 0 0 10
0 0 0 0 0 0 1 50
0 0 0 0 0 0 1 50
0 0 0 0 0 0 1 50
0 0 0 0 0 0 1 50
0 0 0 0 0 0 1 50
0 0 0 0 0 0 1 50
0 0 0 0 0 0 1 50
0 0 0 0 0 0 1 50
0 0 0 0 0 0 1 50
0 0 0 0 0 0 1 50
0 0 0 0 0 0 1 50
0 0 0 0 0 0 1 50
0 0 0 0 0 0 1 50
0 0 0 0 0 0 1 50
0 0 0 0 0 0 1 50
0 0 0 0 0 0 1 50
0 0 0 0 0 0 1 50
0 0 0 0 0 0 1 50
0 0 0 0 0 0 1 50
1 0 0 0 0 0 1 50
0 0 0 0 0 0 0 100
0 0 0 0 0 0 0 100
0 0 0 0 0 0 0 100
0 0 0 0 0 0 0 100
0 0 0 0 0 0 0 100
0 0 0 0 0 0 0 100
0 0 0 0 0 0 0 100
0 0 0 0 0 0 0 100
0 0 0 0 0 0 0 100
0 0 0 0 0 0 0 100
0 0 0 0 0 0 0 100
0 0 0 0 0 0 0 100
0 0 0 0 0 0 0 100
0 0 0 0 0 0 0 100
0 0 0 0 0 0 0 100
0 0 0 0 0 0 0 100
0 0 0 0 0 0 0 100
0 0 0 0 0 0 0 100
0 0 0 0 0 0 0 100
0 0 0 0 0 0 0 100
0 0 0 0 0 0 0 250
0 0 0 0 0 0 0 250
0 0 0 0 0 0 0 250
0 0 0 0 0 0 0 250
0 0 0 0 0 0 0 250
0 0 0 0 0 0 0 250
0 0 0 0 0 0 0 250
0 0 0 0 0 0 0 250
0 0 0 0 0 0 0 250
0 0 0 0 0 0 0 250
0 0 0 0 0 0 0 250
0 0 0 0 0 0 0 250
0 0 0 0 0 0 0 250
0 0 0 0 0 0 0 250
0 0 0 0 0 0 0 250
0 0 0 0 0 0 0 250
0 0 0 0 0 0 0 250
0 0 0 0 0 0 0 250
0 0 0 0 0 0 0 250
0 0 0 0 0 0 0 250
0 0 0 0 1 1 2 500
0 0 0 0 1 1 2 500
0 0 0 0 1 1 2 500
0 0 0 0 1 1 2 500
0 0 0 0 1 1 2 500
0 0 0 0 1 1 2 500
0 0 0 0 1 1 2 500
0 0 0 0 1 1 2 500
0 0 0 0 1 1 2 500
0 0 0 0 1 1 2 500
1 0 0 0 1 1 2 500
1 0 0 0 1 1 2 500
1 0 0 0 1 1 2 500
1 0 0 0 1 1 2 500
1 0 0 0 1 1 2 500
1 0 0 0 1 1 2 500
1 0 0 0 1 1 2 500
1 0 0 0 1 1 2 500
2 0 0 0 1 1 2 500
2 0 0 0 1 1 2 500
0 1 0 1 1 1 2 1000
1 1 0 1 1 1 2 1000
1 1 0 1 1 1 2 1000
1 1 0 1 1 1 2 1000
1 1 0 1 1 1 2 1000
1 1 0 1 1 1 2 1000
1 1 0 1 1 1 2 1000
1 1 0 1 1 1 2 1000
1 1 0 1 1 1 2 1000
1 1 0 1 1 1 2 1000
1 1 0 1 1 1 2 1000
1 1 0 1 1 1 2 1000
1 1 0 1 1 1 2 1000
1 1 0 1 1 1 2 1000
1 1 0 1 1 1 2 1000
1 1 0 1 1 1 2 1000
1 1 0 1 1 1 2 1000
1 1 0 1 1 1 2 1000
2 1 0 1 1 1 2 1000
2 1 0 1 1 1 2 1000
3 10 3 4 7 9 51 2000
3 10 3 4 7 9 51 2000
4 10 3 4 7 9 51 2000
4 10 3 4 7 9 51 2000
4 10 3 4 7 9 51 2000
4 10 3 4 7 9 51 2000
4 10 3 4 7 9 51 2000
4 10 3 4 7 9 51 2000
6 10 3 4 7 9 51 2000
7 10 3 4 7 9 51 2000
7 10 3 4 7 9 51 2000
7 10 3 4 7 9 51 2000
8 10 3 4 7 9 51 2000
8 10 3 4 7 9 51 2000
8 10 3 4 7 9 51 2000
9 10 3 4 7 9 51 2000
13 10 3 4 7 9 51 2000
13 10 3 4 7 9 51 2000
43 10 3 4 7 9 51 2000
51 10 3 4 7 9 51 2000
7 9 7 8 8 12 16 3000
7 9 7 8 8 12 16 3000
7 9 7 8 8 12 16 3000
7 9 7 8 8 12 16 3000
8 9 7 8 8 12 16 3000
8 9 7 8 8 12 16 3000
8 9 7 8 8 12 16 3000
8 9 7 8 8 12 16 3000
8 9 7 8 8 12 16 3000
8 9 7 8 8 12 16 3000
8 9 7 8 8 12 16 3000
8 9 7 8 8 12 16 3000
9 9 7 8 8 12 16 3000
9 9 7 8 8 12 16 3000
11 9 7 8 8 12 16 3000
12 9 7 8 8 12 16 3000
13 9 7 8 8 12 16 3000
14 9 7 8 8 12 16 3000
14 9 7 8 8 12 16 3000
16 9 7 8 8 12 16 3000
12 18 12 13 16 20 40 4000
13 18 12 13 16 20 40 4000
13 18 12 13 16 20 40 4000
13 18 12 13 16 20 40 4000
13 18 12 13 16 20 40 4000
13 18 12 13 16 20 40 4000
13 18 12 13 16 20 40 4000
14 18 12 13 16 20 40 4000
16 18 12 13 16 20 40 4000
16 18 12 13 16 20 40 4000
16 18 12 13 16 20 40 4000
17 18 12 13 16 20 40 4000
17 18 12 13 16 20 40 4000
19 18 12 13 16 20 40 4000
20 18 12 13 16 20 40 4000
20 18 12 13 16 20 40 4000
20 18 12 13 16 20 40 4000
26 18 12 13 16 20 40 4000
34 18 12 13 16 20 40 4000
40 18 12 13 16 20 40 4000
20 27 20 24 25 27 45 5000
23 27 20 24 25 27 45 5000
24 27 20 24 25 27 45 5000
24 27 20 24 25 27 45 5000
24 27 20 24 25 27 45 5000
24 27 20 24 25 27 45 5000
24 27 20 24 25 27 45 5000
25 27 20 24 25 27 45 5000
25 27 20 24 25 27 45 5000
25 27 20 24 25 27 45 5000
25 27 20 24 25 27 45 5000
25 27 20 24 25 27 45 5000
26 27 20 24 25 27 45 5000
26 27 20 24 25 27 45 5000
27 27 20 24 25 27 45 5000
27 27 20 24 25 27 45 5000
28 27 20 24 25 27 45 5000
38 27 20 24 25 27 45 5000
42 27 20 24 25 27 45 5000
45 27 20 24 25 27 45 5000
29 50 29 34 47 66 111 6000
29 50 29 34 47 66 111 6000
30 50 29 34 47 66 111 6000
33 50 29 34 47 66 111 6000
33 50 29 34 47 66 111 6000
34 50 29 34 47 66 111 6000
36 50 29 34 47 66 111 6000
36 50 29 34 47 66 111 6000
38 50 29 34 47 66 111 6000
39 50 29 34 47 66 111 6000
47 50 29 34 47 66 111 6000
56 50 29 34 47 66 111 6000
58 50 29 34 47 66 111 6000
60 50 29 34 47 66 111 6000
60 50 29 34 47 66 111 6000
66 50 29 34 47 66 111 6000
69 50 29 34 47 66 111 6000
72 50 29 34 47 66 111 6000
74 50 29 34 47 66 111 6000
111 50 29 34 47 66 111 6000
42 63 42 48 59 83 101 7000
44 63 42 48 59 83 101 7000
44 63 42 48 59 83 101 7000
45 63 42 48 59 83 101 7000
48 63 42 48 59 83 101 7000
48 63 42 48 59 83 101 7000
49 63 42 48 59 83 101 7000
52 63 42 48 59 83 101 7000
57 63 42 48 59 83 101 7000
59 63 42 48 59 83 101 7000
59 63 42 48 59 83 101 7000
61 63 42 48 59 83 101 7000
64 63 42 48 59 83 101 7000
66 63 42 48 59 83 101 7000
81 63 42 48 59 83 101 7000
83 63 42 48 59 83 101 7000
84 63 42 48 59 83 101 7000
92 63 42 48 59 83 101 7000
97 63 42 48 59 83 101 7000
101 63 42 48 59 83 101 7000
50 84 50 64 94 100 122 8000
55 84 50 64 94 100 122 8000
55 84 50 64 94 100 122 8000
56 84 50 64 94 100 122 8000
59 84 50 64 94 100 122 8000
64 84 50 64 94 100 122 8000
79 84 50 64 94 100 122 8000
84 84 50 64 94 100 122 8000
87 84 50 64 94 100 122 8000
88 84 50 64 94 100 122 8000
94 84 50 64 94 100 122 8000
94 84 50 64 94 100 122 8000
94 84 50 64 94 100 122 8000
94 84 50 64 94 100 122 8000
98 84 50 64 94 100 122 8000
100 84 50 64 94 100 122 8000
104 84 50 64 94 100 122 8000
104 84 50 64 94 100 122 8000
108 84 50 64 94 100 122 8000
122 84 50 64 94 100 122 8000
71 98 71 82 99 111 140 9000
74 98 71 82 99 111 140 9000
75 98 71 82 99 111 140 9000
78 98 71 82 99 111 140 9000
79 98 71 82 99 111 140 9000
82 98 71 82 99 111 140 9000
82 98 71 82 99 111 140 9000
93 98 71 82 99 111 140 9000
95 98 71 82 99 111 140 9000
98 98 71 82 99 111 140 9000
99 98 71 82 99 111 140 9000
101 98 71 82 99 111 140 9000
105 98 71 82 99 111 140 9000
105 98 71 82 99 111 140 9000
111 98 71 82 99 111 140 9000
111 98 71 82 99 111 140 9000
122 98 71 82 99 111 140 9000
123 98 71 82 99 111 140 9000
135 98 71 82 99 111 140 9000
140 98 71 82 99 111 140 9000
76 99 76 82 87 108 192 10000
77 99 76 82 87 108 192 10000
77 99 76 82 87 108 192 10000
80 99 76 82 87 108 192 10000
81 99 76 82 87 108 192 10000
82 99 76 82 87 108 192 10000
82 99 76 82 87 108 192 10000
83 99 76 82 87 108 192 10000
83 99 76 82 87 108 192 10000
85 99 76 82 87 108 192 10000
87 99 76 82 87 108 192 10000
94 99 76 82 87 108 192 10000
95 99 76 82 87 108 192 10000
97 99 76 82 87 108 192 10000
106 99 76 82 87 108 192 10000
108 99 76 82 87 108 192 10000
126 99 76 82 87 108 192 10000
133 99 76 82 87 108 192 10000
140 99 76 82 87 108 192 10000
192 99 76 82 87 108 192 10000
