0 0 0 0 0 0 0 1
0 0 0 0 0 0 0 1
0 0 0 0 0 0 0 1
0 0 0 0 0 0 0 1
0 0 0 0 0 0 0 1
0 0 0 0 0 0 0 1
0 0 0 0 0 0 0 1
0 0 0 0 0 0 0 1
0 0 0 0 0 0 0 1
0 0 0 0 0 0 0 1
0 0 0 0 0 0 0 1
0 0 0 0 0 0 0 1
0 0 0 0 0 0 0 1
0 0 0 0 0 0 0 1
0 0 0 0 0 0 0 1
0 0 0 0 0 0 0 1
0 0 0 0 0 0 0 1
0 0 0 0 0 0 0 1
0 0 0 0 0 0 0 1
0 0 0 0 0 0 0 1
0 0 0 0 0 0 0 10
0 0 0 0 0 0 0 10
0 0 0 0 0 0 0 10
0 0 0 0 0 0 0 10
0 0 0 0 0 0 0 10
0 0 0 0 0 0 0 10
0 0 0 0 0 0 0 10
0 0 0 0 0 0 0 10
0 0 0 0 0 0 0 10
0 0 0 0 0 0 0 10
0 0 0 0 0 0 0 10
0 0 0 0 0 0 0 10
0 0 0 0 0 0 0 10
0 0 0 0 0 0 0 10
0 0 0 0 0 0 0 10
0 0 0 0 0 0 0 10
0 0 0 0 0 0 0 10
0 0 0 0 0 0 0 10
0 0 0 0 0 0 0 10
0 0 0 0 0 0 0 10
0 0 0 0 0 0 0 50
0 0 0 0 0 0 0 50
0 0 0 0 0 0 0 50
0 0 0 0 0 0 0 50
0 0 0 0 0 0 0 50
0 0 0 0 0 0 0 50
0 0 0 0 0 0 0 50
0 0 0 0 0 0 0 50
0 0 0 0 0 0 0 50
0 0 0 0 0 0 0 50
0 0 0 0 0 0 0 50
0 0 0 0 0 0 0 50
0 0 0 0 0 0 0 50
0 0 0 0 0 0 0 50
0 0 0 0 0 0 0 50
0 0 0 0 0 0 0 50
0 0 0 0 0 0 0 50
0 0 0 0 0 0 0 50
0 0 0 0 0 0 0 50
0 0 0 0 0 0 0 50
0 0 0 0 0 0 1 100
0 0 0 0 0 0 1 100
0 0 0 0 0 0 1 100
0 0 0 0 0 0 1 100
0 0 0 0 0 0 1 100
0 0 0 0 0 0 1 100
0 0 0 0 0 0 1 100
0 0 0 0 0 0 1 100
0 0 0 0 0 0 1 100
0 0 0 0 0 0 1 100
0 0 0 0 0 0 1 100
0 0 0 0 0 0 1 100
0 0 0 0 0 0 1 100
0 0 0 0 0 0 1 100
0 0 0 0 0 0 1 100
0 0 0 0 0 0 1 100
0 0 0 0 0 0 1 100
0 0 0 0 0 0 1 100
0 0 0 0 0 0 1 100
1 0 0 0 0 0 1 100
0 0 0 0 0 0 1 250
0 0 0 0 0 0 1 250
0 0 0 0 0 0 1 250
0 0 0 0 0 0 1 250
0 0 0 0 0 0 1 250
0 0 0 0 0 0 1 250
0 0 0 0 0 0 1 250
0 0 0 0 0 0 1 250
0 0 0 0 0 0 1 250
0 0 0 0 0 0 1 250
0 0 0 0 0 0 1 250
0 0 0 0 0 0 1 250
0 0 0 0 0 0 1 250
0 0 0 0 0 0 1 250
0 0 0 0 0 0 1 250
0 0 0 0 0 0 1 250
0 0 0 0 0 0 1 250
0 0 0 0 0 0 1 250
1 0 0 0 0 0 1 250
1 0 0 0 0 0 1 250
0 0 0 0 0 1 1 500
0 0 0 0 0 1 1 500
0 0 0 0 0 1 1 500
0 0 0 0 0 1 1 500
0 0 0 0 0 1 1 500
0 0 0 0 0 1 1 500
0 0 0 0 0 1 1 500
0 0 0 0 0 1 1 500
0 0 0 0 0 1 1 500
0 0 0 0 0 1 1 500
0 0 0 0 0 1 1 500
0 0 0 0 0 1 1 500
1 0 0 0 0 1 1 500
1 0 0 0 0 1 1 500
1 0 0 0 0 1 1 500
1 0 0 0 0 1 1 500
1 0 0 0 0 1 1 500
1 0 0 0 0 1 1 500
1 0 0 0 0 1 1 500
1 0 0 0 0 1 1 500
0 1 0 1 1 1 5 1000
1 1 0 1 1 1 5 1000
1 1 0 1 1 1 5 1000
1 1 0 1 1 1 5 1000
1 1 0 1 1 1 5 1000
1 1 0 1 1 1 5 1000
1 1 0 1 1 1 5 1000
1 1 0 1 1 1 5 1000
1 1 0 1 1 1 5 1000
1 1 0 1 1 1 5 1000
1 1 0 1 1 1 5 1000
1 1 0 1 1 1 5 1000
1 1 0 1 1 1 5 1000
1 1 0 1 1 1 5 1000
1 1 0 1 1 1 5 1000
1 1 0 1 1 1 5 1000
1 1 0 1 1 1 5 1000
1 1 0 1 1 1 5 1000
2 1 0 1 1 1 5 1000
5 1 0 1 1 1 5 1000
3 4 3 3 3 4 12 2000
3 4 3 3 3 4 12 2000
3 4 3 3 3 4 12 2000
3 4 3 3 3 4 12 2000
3 4 3 3 3 4 12 2000
3 4 3 3 3 4 12 2000
3 4 3 3 3 4 12 2000
3 4 3 3 3 4 12 2000
3 4 3 3 3 4 12 2000
3 4 3 3 3 4 12 2000
3 4 3 3 3 4 12 2000
3 4 3 3 3 4 12 2000
3 4 3 3 3 4 12 2000
4 4 3 3 3 4 12 2000
4 4 3 3 3 4 12 2000
4 4 3 3 3 4 12 2000
5 4 3 3 3 4 12 2000
5 4 3 3 3 4 12 2000
8 4 3 3 3 4 12 2000
12 4 3 3 3 4 12 2000
8 14 8 10 13 17 37 3000
8 14 8 10 13 17 37 3000
8 14 8 10 13 17 37 3000
8 14 8 10 13 17 37 3000
8 14 8 10 13 17 37 3000
10 14 8 10 13 17 37 3000
11 14 8 10 13 17 37 3000
11 14 8 10 13 17 37 3000
11 14 8 10 13 17 37 3000
13 14 8 10 13 17 37 3000
13 14 8 10 13 17 37 3000
15 14 8 10 13 17 37 3000
15 14 8 10 13 17 37 3000
15 14 8 10 13 17 37 3000
16 14 8 10 13 17 37 3000
17 14 8 10 13 17 37 3000
18 14 8 10 13 17 37 3000
22 14 8 10 13 17 37 3000
28 14 8 10 13 17 37 3000
37 14 8 10 13 17 37 3000
12 18 12 14 17 22 38 4000
13 18 12 14 17 22 38 4000
13 18 12 14 17 22 38 4000
13 18 12 14 17 22 38 4000
13 18 12 14 17 22 38 4000
14 18 12 14 17 22 38 4000
14 18 12 14 17 22 38 4000
15 18 12 14 17 22 38 4000
15 18 12 14 17 22 38 4000
15 18 12 14 17 22 38 4000
17 18 12 14 17 22 38 4000
18 18 12 14 17 22 38 4000
18 18 12 14 17 22 38 4000
22 18 12 14 17 22 38 4000
22 18 12 14 17 22 38 4000
22 18 12 14 17 22 38 4000
25 18 12 14 17 22 38 4000
26 18 12 14 17 22 38 4000
27 18 12 14 17 22 38 4000
38 18 12 14 17 22 38 4000
19 30 19 22 26 34 67 5000
20 30 19 22 26 34 67 5000
21 30 19 22 26 34 67 5000
21 30 19 22 26 34 67 5000
22 30 19 22 26 34 67 5000
22 30 19 22 26 34 67 5000
23 30 19 22 26 34 67 5000
23 30 19 22 26 34 67 5000
24 30 19 22 26 34 67 5000
24 30 19 22 26 34 67 5000
26 30 19 22 26 34 67 5000
26 30 19 22 26 34 67 5000
28 30 19 22 26 34 67 5000
29 30 19 22 26 34 67 5000
29 30 19 22 26 34 67 5000
34 30 19 22 26 34 67 5000
39 30 19 22 26 34 67 5000
51 30 19 22 26 34 67 5000
58 30 19 22 26 34 67 5000
67 30 19 22 26 34 67 5000
27 34 27 29 31 39 55 6000
27 34 27 29 31 39 55 6000
28 34 27 29 31 39 55 6000
28 34 27 29 31 39 55 6000
29 34 27 29 31 39 55 6000
29 34 27 29 31 39 55 6000
30 34 27 29 31 39 55 6000
30 34 27 29 31 39 55 6000
30 34 27 29 31 39 55 6000
31 34 27 29 31 39 55 6000
31 34 27 29 31 39 55 6000
35 34 27 29 31 39 55 6000
35 34 27 29 31 39 55 6000
35 34 27 29 31 39 55 6000
38 34 27 29 31 39 55 6000
39 34 27 29 31 39 55 6000
40 34 27 29 31 39 55 6000
47 34 27 29 31 39 55 6000
52 34 27 29 31 39 55 6000
55 34 27 29 31 39 55 6000
40 73 40 57 75 87 143 7000
43 73 40 57 75 87 143 7000
49 73 40 57 75 87 143 7000
51 73 40 57 75 87 143 7000
52 73 40 57 75 87 143 7000
57 73 40 57 75 87 143 7000
60 73 40 57 75 87 143 7000
64 73 40 57 75 87 143 7000
64 73 40 57 75 87 143 7000
74 73 40 57 75 87 143 7000
75 73 40 57 75 87 143 7000
77 73 40 57 75 87 143 7000
79 73 40 57 75 87 143 7000
83 73 40 57 75 87 143 7000
87 73 40 57 75 87 143 7000
87 73 40 57 75 87 143 7000
91 73 40 57 75 87 143 7000
93 73 40 57 75 87 143 7000
99 73 40 57 75 87 143 7000
143 73 40 57 75 87 143 7000
50 68 50 55 63 84 95 8000
51 68 50 55 63 84 95 8000
53 68 50 55 63 84 95 8000
54 68 50 55 63 84 95 8000
54 68 50 55 63 84 95 8000
55 68 50 55 63 84 95 8000
56 68 50 55 63 84 95 8000
59 68 50 55 63 84 95 8000
61 68 50 55 63 84 95 8000
62 68 50 55 63 84 95 8000
63 68 50 55 63 84 95 8000
64 68 50 55 63 84 95 8000
81 68 50 55 63 84 95 8000
82 68 50 55 63 84 95 8000
83 68 50 55 63 84 95 8000
84 68 50 55 63 84 95 8000
85 68 50 55 63 84 95 8000
88 68 50 55 63 84 95 8000
89 68 50 55 63 84 95 8000
95 68 50 55 63 84 95 8000
70 90 70 77 87 103 127 9000
73 90 70 77 87 103 127 9000
73 90 70 77 87 103 127 9000
76 90 70 77 87 103 127 9000
77 90 70 77 87 103 127 9000
77 90 70 77 87 103 127 9000
79 90 70 77 87 103 127 9000
79 90 70 77 87 103 127 9000
83 90 70 77 87 103 127 9000
86 90 70 77 87 103 127 9000
87 90 70 77 87 103 127 9000
90 90 70 77 87 103 127 9000
92 90 70 77 87 103 127 9000
99 90 70 77 87 103 127 9000
100 90 70 77 87 103 127 9000
103 90 70 77 87 103 127 9000
105 90 70 77 87 103 127 9000
115 90 70 77 87 103 127 9000
118 90 70 77 87 103 127 9000
127 90 70 77 87 103 127 9000
78 114 78 98 112 133 177 10000
79 114 78 98 112 133 177 10000
85 114 78 98 112 133 177 10000
92 114 78 98 112 133 177 10000
96 114 78 98 112 133 177 10000
98 114 78 98 112 133 177 10000
102 114 78 98 112 133 177 10000
102 114 78 98 112 133 177 10000
103 114 78 98 112 133 177 10000
109 114 78 98 112 133 177 10000
112 114 78 98 112 133 177 10000
112 114 78 98 112 133 177 10000
116 114 78 98 112 133 177 10000
117 114 78 98 112 133 177 10000
123 114 78 98 112 133 177 10000
133 114 78 98 112 133 177 10000
141 114 78 98 112 133 177 10000
143 114 78 98 112 133 177 10000
166 114 78 98 112 133 177 10000
177 114 78 98 112 133 177 10000
