0 0 0 0 0 0 0 1
0 0 0 0 0 0 0 1
0 0 0 0 0 0 0 1
0 0 0 0 0 0 0 1
0 0 0 0 0 0 0 1
0 0 0 0 0 0 0 1
0 0 0 0 0 0 0 1
0 0 0 0 0 0 0 1
0 0 0 0 0 0 0 1
0 0 0 0 0 0 0 1
0 0 0 0 0 0 0 1
0 0 0 0 0 0 0 1
0 0 0 0 0 0 0 1
0 0 0 0 0 0 0 1
0 0 0 0 0 0 0 1
0 0 0 0 0 0 0 1
0 0 0 0 0 0 0 1
0 0 0 0 0 0 0 1
0 0 0 0 0 0 0 1
0 0 0 0 0 0 0 1
0 0 0 0 0 0 0 10
0 0 0 0 0 0 0 10
0 0 0 0 0 0 0 10
0 0 0 0 0 0 0 10
0 0 0 0 0 0 0 10
0 0 0 0 0 0 0 10
0 0 0 0 0 0 0 10
0 0 0 0 0 0 0 10
0 0 0 0 0 0 0 10
0 0 0 0 0 0 0 10
0 0 0 0 0 0 0 10
0 0 0 0 0 0 0 10
0 0 0 0 0 0 0 10
0 0 0 0 0 0 0 10
0 0 0 0 0 0 0 10
0 0 0 0 0 0 0 10
0 0 0 0 0 0 0 10
0 0 0 0 0 0 0 10
0 0 0 0 0 0 0 10
0 0 0 0 0 0 0 10
0 0 0 0 0 0 0 50
0 0 0 0 0 0 0 50
0 0 0 0 0 0 0 50
0 0 0 0 0 0 0 50
0 0 0 0 0 0 0 50
0 0 0 0 0 0 0 50
0 0 0 0 0 0 0 50
0 0 0 0 0 0 0 50
0 0 0 0 0 0 0 50
0 0 0 0 0 0 0 50
0 0 0 0 0 0 0 50
0 0 0 0 0 0 0 50
0 0 0 0 0 0 0 50
0 0 0 0 0 0 0 50
0 0 0 0 0 0 0 50
0 0 0 0 0 0 0 50
0 0 0 0 0 0 0 50
0 0 0 0 0 0 0 50
0 0 0 0 0 0 0 50
0 0 0 0 0 0 0 50
0 0 0 0 0 0 1 100
0 0 0 0 0 0 1 100
0 0 0 0 0 0 1 100
0 0 0 0 0 0 1 100
0 0 0 0 0 0 1 100
0 0 0 0 0 0 1 100
0 0 0 0 0 0 1 100
0 0 0 0 0 0 1 100
0 0 0 0 0 0 1 100
0 0 0 0 0 0 1 100
0 0 0 0 0 0 1 100
0 0 0 0 0 0 1 100
0 0 0 0 0 0 1 100
0 0 0 0 0 0 1 100
0 0 0 0 0 0 1 100
0 0 0 0 0 0 1 100
0 0 0 0 0 0 1 100
0 0 0 0 0 0 1 100
0 0 0 0 0 0 1 100
1 0 0 0 0 0 1 100
0 0 0 0 0 0 1 250
0 0 0 0 0 0 1 250
0 0 0 0 0 0 1 250
0 0 0 0 0 0 1 250
0 0 0 0 0 0 1 250
0 0 0 0 0 0 1 250
0 0 0 0 0 0 1 250
0 0 0 0 0 0 1 250
0 0 0 0 0 0 1 250
0 0 0 0 0 0 1 250
0 0 0 0 0 0 1 250
0 0 0 0 0 0 1 250
0 0 0 0 0 0 1 250
0 0 0 0 0 0 1 250
0 0 0 0 0 0 1 250
0 0 0 0 0 0 1 250
0 0 0 0 0 0 1 250
1 0 0 0 0 0 1 250
1 0 0 0 0 0 1 250
1 0 0 0 0 0 1 250
0 0 0 0 0 1 1 500
0 0 0 0 0 1 1 500
0 0 0 0 0 1 1 500
0 0 0 0 0 1 1 500
0 0 0 0 0 1 1 500
0 0 0 0 0 1 1 500
0 0 0 0 0 1 1 500
0 0 0 0 0 1 1 500
0 0 0 0 0 1 1 500
0 0 0 0 0 1 1 500
0 0 0 0 0 1 1 500
0 0 0 0 0 1 1 500
0 0 0 0 0 1 1 500
0 0 0 0 0 1 1 500
1 0 0 0 0 1 1 500
1 0 0 0 0 1 1 500
1 0 0 0 0 1 1 500
1 0 0 0 0 1 1 500
1 0 0 0 0 1 1 500
1 0 0 0 0 1 1 500
1 1 1 1 1 1 2 1000
1 1 1 1 1 1 2 1000
1 1 1 1 1 1 2 1000
1 1 1 1 1 1 2 1000
1 1 1 1 1 1 2 1000
1 1 1 1 1 1 2 1000
1 1 1 1 1 1 2 1000
1 1 1 1 1 1 2 1000
1 1 1 1 1 1 2 1000
1 1 1 1 1 1 2 1000
1 1 1 1 1 1 2 1000
1 1 1 1 1 1 2 1000
1 1 1 1 1 1 2 1000
1 1 1 1 1 1 2 1000
1 1 1 1 1 1 2 1000
1 1 1 1 1 1 2 1000
1 1 1 1 1 1 2 1000
1 1 1 1 1 1 2 1000
1 1 1 1 1 1 2 1000
2 1 1 1 1 1 2 1000
4 6 4 4 5 7 14 2000
4 6 4 4 5 7 14 2000
4 6 4 4 5 7 14 2000
4 6 4 4 5 7 14 2000
4 6 4 4 5 7 14 2000
4 6 4 4 5 7 14 2000
4 6 4 4 5 7 14 2000
4 6 4 4 5 7 14 2000
4 6 4 4 5 7 14 2000
4 6 4 4 5 7 14 2000
5 6 4 4 5 7 14 2000
5 6 4 4 5 7 14 2000
6 6 4 4 5 7 14 2000
6 6 4 4 5 7 14 2000
7 6 4 4 5 7 14 2000
7 6 4 4 5 7 14 2000
9 6 4 4 5 7 14 2000
9 6 4 4 5 7 14 2000
12 6 4 4 5 7 14 2000
14 6 4 4 5 7 14 2000
9 14 9 9 10 14 42 3000
9 14 9 9 10 14 42 3000
9 14 9 9 10 14 42 3000
9 14 9 9 10 14 42 3000
9 14 9 9 10 14 42 3000
9 14 9 9 10 14 42 3000
10 14 9 9 10 14 42 3000
10 14 9 9 10 14 42 3000
10 14 9 9 10 14 42 3000
10 14 9 9 10 14 42 3000
10 14 9 9 10 14 42 3000
11 14 9 9 10 14 42 3000
11 14 9 9 10 14 42 3000
12 14 9 9 10 14 42 3000
13 14 9 9 10 14 42 3000
14 14 9 9 10 14 42 3000
20 14 9 9 10 14 42 3000
29 14 9 9 10 14 42 3000
30 14 9 9 10 14 42 3000
42 14 9 9 10 14 42 3000
16 25 16 20 26 33 34 4000
19 25 16 20 26 33 34 4000
19 25 16 20 26 33 34 4000
20 25 16 20 26 33 34 4000
20 25 16 20 26 33 34 4000
20 25 16 20 26 33 34 4000
20 25 16 20 26 33 34 4000
21 25 16 20 26 33 34 4000
22 25 16 20 26 33 34 4000
24 25 16 20 26 33 34 4000
26 25 16 20 26 33 34 4000
27 25 16 20 26 33 34 4000
29 25 16 20 26 33 34 4000
33 25 16 20 26 33 34 4000
33 25 16 20 26 33 34 4000
33 25 16 20 26 33 34 4000
33 25 16 20 26 33 34 4000
34 25 16 20 26 33 34 4000
34 25 16 20 26 33 34 4000
34 25 16 20 26 33 34 4000
26 40 26 30 40 47 82 5000
28 40 26 30 40 47 82 5000
28 40 26 30 40 47 82 5000
28 40 26 30 40 47 82 5000
28 40 26 30 40 47 82 5000
30 40 26 30 40 47 82 5000
32 40 26 30 40 47 82 5000
34 40 26 30 40 47 82 5000
35 40 26 30 40 47 82 5000
37 40 26 30 40 47 82 5000
40 40 26 30 40 47 82 5000
41 40 26 30 40 47 82 5000
42 40 26 30 40 47 82 5000
42 40 26 30 40 47 82 5000
43 40 26 30 40 47 82 5000
47 40 26 30 40 47 82 5000
48 40 26 30 40 47 82 5000
48 40 26 30 40 47 82 5000
65 40 26 30 40 47 82 5000
82 40 26 30 40 47 82 5000
51 75 51 59 73 94 122 6000
52 75 51 59 73 94 122 6000
54 75 51 59 73 94 122 6000
57 75 51 59 73 94 122 6000
58 75 51 59 73 94 122 6000
59 75 51 59 73 94 122 6000
61 75 51 59 73 94 122 6000
61 75 51 59 73 94 122 6000
70 75 51 59 73 94 122 6000
72 75 51 59 73 94 122 6000
73 75 51 59 73 94 122 6000
73 75 51 59 73 94 122 6000
77 75 51 59 73 94 122 6000
79 75 51 59 73 94 122 6000
88 75 51 59 73 94 122 6000
94 75 51 59 73 94 122 6000
96 75 51 59 73 94 122 6000
99 75 51 59 73 94 122 6000
117 75 51 59 73 94 122 6000
122 75 51 59 73 94 122 6000
47 68 47 51 68 78 109 7000
48 68 47 51 68 78 109 7000
49 68 47 51 68 78 109 7000
49 68 47 51 68 78 109 7000
49 68 47 51 68 78 109 7000
51 68 47 51 68 78 109 7000
52 68 47 51 68 78 109 7000
55 68 47 51 68 78 109 7000
56 68 47 51 68 78 109 7000
68 68 47 51 68 78 109 7000
68 68 47 51 68 78 109 7000
70 68 47 51 68 78 109 7000
70 68 47 51 68 78 109 7000
76 68 47 51 68 78 109 7000
77 68 47 51 68 78 109 7000
78 68 47 51 68 78 109 7000
91 68 47 51 68 78 109 7000
91 68 47 51 68 78 109 7000
108 68 47 51 68 78 109 7000
109 68 47 51 68 78 109 7000
61 67 61 62 65 70 92 8000
62 67 61 62 65 70 92 8000
62 67 61 62 65 70 92 8000
62 67 61 62 65 70 92 8000
62 67 61 62 65 70 92 8000
62 67 61 62 65 70 92 8000
63 67 61 62 65 70 92 8000
63 67 61 62 65 70 92 8000
63 67 61 62 65 70 92 8000
63 67 61 62 65 70 92 8000
65 67 61 62 65 70 92 8000
66 67 61 62 65 70 92 8000
66 67 61 62 65 70 92 8000
67 67 61 62 65 70 92 8000
68 67 61 62 65 70 92 8000
70 67 61 62 65 70 92 8000
72 67 61 62 65 70 92 8000
74 67 61 62 65 70 92 8000
79 67 61 62 65 70 92 8000
92 67 61 62 65 70 92 8000
76 81 76 78 79 84 99 9000
77 81 76 78 79 84 99 9000
77 81 76 78 79 84 99 9000
78 81 76 78 79 84 99 9000
78 81 76 78 79 84 99 9000
78 81 76 78 79 84 99 9000
78 81 76 78 79 84 99 9000
78 81 76 78 79 84 99 9000
79 81 76 78 79 84 99 9000
79 81 76 78 79 84 99 9000
79 81 76 78 79 84 99 9000
80 81 76 78 79 84 99 9000
81 81 76 78 79 84 99 9000
81 81 76 78 79 84 99 9000
82 81 76 78 79 84 99 9000
84 81 76 78 79 84 99 9000
88 81 76 78 79 84 99 9000
90 81 76 78 79 84 99 9000
97 81 76 78 79 84 99 9000
99 81 76 78 79 84 99 9000
92 102 92 98 102 108 122 10000
93 102 92 98 102 108 122 10000
93 102 92 98 102 108 122 10000
96 102 92 98 102 108 122 10000
97 102 92 98 102 108 122 10000
98 102 92 98 102 108 122 10000
99 102 92 98 102 108 122 10000
99 102 92 98 102 108 122 10000
100 102 92 98 102 108 122 10000
101 102 92 98 102 108 122 10000
102 102 92 98 102 108 122 10000
102 102 92 98 102 108 122 10000
103 102 92 98 102 108 122 10000
104 102 92 98 102 108 122 10000
104 102 92 98 102 108 122 10000
108 102 92 98 102 108 122 10000
110 102 92 98 102 108 122 10000
110 102 92 98 102 108 122 10000
111 102 92 98 102 108 122 10000
122 102 92 98 102 108 122 10000
