0 0 0 0 0 0 0 1
0 0 0 0 0 0 0 1
0 0 0 0 0 0 0 1
0 0 0 0 0 0 0 1
0 0 0 0 0 0 0 1
0 0 0 0 0 0 0 1
0 0 0 0 0 0 0 1
0 0 0 0 0 0 0 1
0 0 0 0 0 0 0 1
0 0 0 0 0 0 0 1
0 0 0 0 0 0 0 1
0 0 0 0 0 0 0 1
0 0 0 0 0 0 0 1
0 0 0 0 0 0 0 1
0 0 0 0 0 0 0 1
0 0 0 0 0 0 0 1
0 0 0 0 0 0 0 1
0 0 0 0 0 0 0 1
0 0 0 0 0 0 0 1
0 0 0 0 0 0 0 1
0 0 0 0 0 0 0 10
0 0 0 0 0 0 0 10
0 0 0 0 0 0 0 10
0 0 0 0 0 0 0 10
0 0 0 0 0 0 0 10
0 0 0 0 0 0 0 10
0 0 0 0 0 0 0 10
0 0 0 0 0 0 0 10
0 0 0 0 0 0 0 10
0 0 0 0 0 0 0 10
0 0 0 0 0 0 0 10
0 0 0 0 0 0 0 10
0 0 0 0 0 0 0 10
0 0 0 0 0 0 0 10
0 0 0 0 0 0 0 10
0 0 0 0 0 0 0 10
0 0 0 0 0 0 0 10
0 0 0 0 0 0 0 10
0 0 0 0 0 0 0 10
0 0 0 0 0 0 0 10
0 0 0 0 0 0 0 50
0 0 0 0 0 0 0 50
0 0 0 0 0 0 0 50
0 0 0 0 0 0 0 50
0 0 0 0 0 0 0 50
0 0 0 0 0 0 0 50
0 0 0 0 0 0 0 50
0 0 0 0 0 0 0 50
0 0 0 0 0 0 0 50
0 0 0 0 0 0 0 50
0 0 0 0 0 0 0 50
0 0 0 0 0 0 0 50
0 0 0 0 0 0 0 50
0 0 0 0 0 0 0 50
0 0 0 0 0 0 0 50
0 0 0 0 0 0 0 50
0 0 0 0 0 0 0 50
0 0 0 0 0 0 0 50
0 0 0 0 0 0 0 50
0 0 0 0 0 0 0 50
0 0 0 0 0 0 0 100
0 0 0 0 0 0 0 100
0 0 0 0 0 0 0 100
0 0 0 0 0 0 0 100
0 0 0 0 0 0 0 100
0 0 0 0 0 0 0 100
0 0 0 0 0 0 0 100
0 0 0 0 0 0 0 100
0 0 0 0 0 0 0 100
0 0 0 0 0 0 0 100
0 0 0 0 0 0 0 100
0 0 0 0 0 0 0 100
0 0 0 0 0 0 0 100
0 0 0 0 0 0 0 100
0 0 0 0 0 0 0 100
0 0 0 0 0 0 0 100
0 0 0 0 0 0 0 100
0 0 0 0 0 0 0 100
0 0 0 0 0 0 0 100
0 0 0 0 0 0 0 100
0 0 0 0 0 0 1 250
0 0 0 0 0 0 1 250
0 0 0 0 0 0 1 250
0 0 0 0 0 0 1 250
0 0 0 0 0 0 1 250
0 0 0 0 0 0 1 250
0 0 0 0 0 0 1 250
0 0 0 0 0 0 1 250
0 0 0 0 0 0 1 250
0 0 0 0 0 0 1 250
0 0 0 0 0 0 1 250
0 0 0 0 0 0 1 250
0 0 0 0 0 0 1 250
0 0 0 0 0 0 1 250
0 0 0 0 0 0 1 250
0 0 0 0 0 0 1 250
0 0 0 0 0 0 1 250
0 0 0 0 0 0 1 250
1 0 0 0 0 0 1 250
1 0 0 0 0 0 1 250
0 0 0 0 0 0 1 500
0 0 0 0 0 0 1 500
0 0 0 0 0 0 1 500
0 0 0 0 0 0 1 500
0 0 0 0 0 0 1 500
0 0 0 0 0 0 1 500
0 0 0 0 0 0 1 500
0 0 0 0 0 0 1 500
0 0 0 0 0 0 1 500
0 0 0 0 0 0 1 500
0 0 0 0 0 0 1 500
0 0 0 0 0 0 1 500
0 0 0 0 0 0 1 500
0 0 0 0 0 0 1 500
0 0 0 0 0 0 1 500
0 0 0 0 0 0 1 500
1 0 0 0 0 0 1 500
1 0 0 0 0 0 1 500
1 0 0 0 0 0 1 500
1 0 0 0 0 0 1 500
1 1 1 1 1 2 4 1000
1 1 1 1 1 2 4 1000
1 1 1 1 1 2 4 1000
1 1 1 1 1 2 4 1000
1 1 1 1 1 2 4 1000
1 1 1 1 1 2 4 1000
1 1 1 1 1 2 4 1000
1 1 1 1 1 2 4 1000
1 1 1 1 1 2 4 1000
1 1 1 1 1 2 4 1000
1 1 1 1 1 2 4 1000
1 1 1 1 1 2 4 1000
1 1 1 1 1 2 4 1000
2 1 1 1 1 2 4 1000
2 1 1 1 1 2 4 1000
2 1 1 1 1 2 4 1000
2 1 1 1 1 2 4 1000
2 1 1 1 1 2 4 1000
3 1 1 1 1 2 4 1000
4 1 1 1 1 2 4 1000
4 7 4 4 5 7 46 2000
4 7 4 4 5 7 46 2000
4 7 4 4 5 7 46 2000
4 7 4 4 5 7 46 2000
4 7 4 4 5 7 46 2000
4 7 4 4 5 7 46 2000
4 7 4 4 5 7 46 2000
4 7 4 4 5 7 46 2000
4 7 4 4 5 7 46 2000
5 7 4 4 5 7 46 2000
5 7 4 4 5 7 46 2000
5 7 4 4 5 7 46 2000
6 7 4 4 5 7 46 2000
7 7 4 4 5 7 46 2000
7 7 4 4 5 7 46 2000
7 7 4 4 5 7 46 2000
7 7 4 4 5 7 46 2000
7 7 4 4 5 7 46 2000
9 7 4 4 5 7 46 2000
46 7 4 4 5 7 46 2000
8 11 8 9 10 15 25 3000
9 11 8 9 10 15 25 3000
9 11 8 9 10 15 25 3000
9 11 8 9 10 15 25 3000
9 11 8 9 10 15 25 3000
9 11 8 9 10 15 25 3000
9 11 8 9 10 15 25 3000
9 11 8 9 10 15 25 3000
9 11 8 9 10 15 25 3000
10 11 8 9 10 15 25 3000
10 11 8 9 10 15 25 3000
10 11 8 9 10 15 25 3000
11 11 8 9 10 15 25 3000
14 11 8 9 10 15 25 3000
14 11 8 9 10 15 25 3000
15 11 8 9 10 15 25 3000
15 11 8 9 10 15 25 3000
16 11 8 9 10 15 25 3000
17 11 8 9 10 15 25 3000
25 11 8 9 10 15 25 3000
16 26 16 19 23 30 61 4000
17 26 16 19 23 30 61 4000
18 26 16 19 23 30 61 4000
18 26 16 19 23 30 61 4000
19 26 16 19 23 30 61 4000
19 26 16 19 23 30 61 4000
20 26 16 19 23 30 61 4000
20 26 16 19 23 30 61 4000
21 26 16 19 23 30 61 4000
23 26 16 19 23 30 61 4000
23 26 16 19 23 30 61 4000
23 26 16 19 23 30 61 4000
24 26 16 19 23 30 61 4000
26 26 16 19 23 30 61 4000
29 26 16 19 23 30 61 4000
30 26 16 19 23 30 61 4000
32 26 16 19 23 30 61 4000
45 26 16 19 23 30 61 4000
46 26 16 19 23 30 61 4000
61 26 16 19 23 30 61 4000
24 35 24 28 30 47 65 5000
24 35 24 28 30 47 65 5000
25 35 24 28 30 47 65 5000
25 35 24 28 30 47 65 5000
27 35 24 28 30 47 65 5000
28 35 24 28 30 47 65 5000
28 35 24 28 30 47 65 5000
29 35 24 28 30 47 65 5000
29 35 24 28 30 47 65 5000
29 35 24 28 30 47 65 5000
30 35 24 28 30 47 65 5000
31 35 24 28 30 47 65 5000
34 35 24 28 30 47 65 5000
35 35 24 28 30 47 65 5000
39 35 24 28 30 47 65 5000
47 35 24 28 30 47 65 5000
47 35 24 28 30 47 65 5000
48 35 24 28 30 47 65 5000
60 35 24 28 30 47 65 5000
65 35 24 28 30 47 65 5000
34 44 34 37 42 51 68 6000
35 44 34 37 42 51 68 6000
35 44 34 37 42 51 68 6000
35 44 34 37 42 51 68 6000
36 44 34 37 42 51 68 6000
37 44 34 37 42 51 68 6000
37 44 34 37 42 51 68 6000
38 44 34 37 42 51 68 6000
39 44 34 37 42 51 68 6000
41 44 34 37 42 51 68 6000
42 44 34 37 42 51 68 6000
44 44 34 37 42 51 68 6000
48 44 34 37 42 51 68 6000
48 44 34 37 42 51 68 6000
48 44 34 37 42 51 68 6000
51 44 34 37 42 51 68 6000
58 44 34 37 42 51 68 6000
61 44 34 37 42 51 68 6000
61 44 34 37 42 51 68 6000
68 44 34 37 42 51 68 6000
47 75 47 54 80 92 112 7000
49 75 47 54 80 92 112 7000
50 75 47 54 80 92 112 7000
52 75 47 54 80 92 112 7000
53 75 47 54 80 92 112 7000
54 75 47 54 80 92 112 7000
61 75 47 54 80 92 112 7000
62 75 47 54 80 92 112 7000
74 75 47 54 80 92 112 7000
75 75 47 54 80 92 112 7000
80 75 47 54 80 92 112 7000
83 75 47 54 80 92 112 7000
83 75 47 54 80 92 112 7000
86 75 47 54 80 92 112 7000
92 75 47 54 80 92 112 7000
92 75 47 54 80 92 112 7000
94 75 47 54 80 92 112 7000
100 75 47 54 80 92 112 7000
103 75 47 54 80 92 112 7000
112 75 47 54 80 92 112 7000
63 71 63 69 70 73 88 8000
68 71 63 69 70 73 88 8000
68 71 63 69 70 73 88 8000
69 71 63 69 70 73 88 8000
69 71 63 69 70 73 88 8000
69 71 63 69 70 73 88 8000
69 71 63 69 70 73 88 8000
69 71 63 69 70 73 88 8000
69 71 63 69 70 73 88 8000
70 71 63 69 70 73 88 8000
70 71 63 69 70 73 88 8000
70 71 63 69 70 73 88 8000
71 71 63 69 70 73 88 8000
71 71 63 69 70 73 88 8000
72 71 63 69 70 73 88 8000
73 71 63 69 70 73 88 8000
74 71 63 69 70 73 88 8000
75 71 63 69 70 73 88 8000
79 71 63 69 70 73 88 8000
88 71 63 69 70 73 88 8000
81 100 81 86 90 115 169 9000
81 100 81 86 90 115 169 9000
83 100 81 86 90 115 169 9000
86 100 81 86 90 115 169 9000
86 100 81 86 90 115 169 9000
86 100 81 86 90 115 169 9000
87 100 81 86 90 115 169 9000
87 100 81 86 90 115 169 9000
88 100 81 86 90 115 169 9000
89 100 81 86 90 115 169 9000
90 100 81 86 90 115 169 9000
91 100 81 86 90 115 169 9000
94 100 81 86 90 115 169 9000
103 100 81 86 90 115 169 9000
112 100 81 86 90 115 169 9000
115 100 81 86 90 115 169 9000
118 100 81 86 90 115 169 9000
124 100 81 86 90 115 169 9000
137 100 81 86 90 115 169 9000
169 100 81 86 90 115 169 9000
96 120 96 103 112 136 188 10000
97 120 96 103 112 136 188 10000
99 120 96 103 112 136 188 10000
99 120 96 103 112 136 188 10000
100 120 96 103 112 136 188 10000
103 120 96 103 112 136 188 10000
106 120 96 103 112 136 188 10000
106 120 96 103 112 136 188 10000
106 120 96 103 112 136 188 10000
110 120 96 103 112 136 188 10000
112 120 96 103 112 136 188 10000
115 120 96 103 112 136 188 10000
116 120 96 103 112 136 188 10000
127 120 96 103 112 136 188 10000
130 120 96 103 112 136 188 10000
136 120 96 103 112 136 188 10000
152 120 96 103 112 136 188 10000
152 120 96 103 112 136 188 10000
169 120 96 103 112 136 188 10000
188 120 96 103 112 136 188 10000
