0 0 0 0 0 0 0 1
0 0 0 0 0 0 0 1
0 0 0 0 0 0 0 1
0 0 0 0 0 0 0 1
0 0 0 0 0 0 0 1
0 0 0 0 0 0 0 1
0 0 0 0 0 0 0 1
0 0 0 0 0 0 0 1
0 0 0 0 0 0 0 1
0 0 0 0 0 0 0 1
0 0 0 0 0 0 0 1
0 0 0 0 0 0 0 1
0 0 0 0 0 0 0 1
0 0 0 0 0 0 0 1
0 0 0 0 0 0 0 1
0 0 0 0 0 0 0 1
0 0 0 0 0 0 0 1
0 0 0 0 0 0 0 1
0 0 0 0 0 0 0 1
0 0 0 0 0 0 0 1
0 0 0 0 0 0 0 10
0 0 0 0 0 0 0 10
0 0 0 0 0 0 0 10
0 0 0 0 0 0 0 10
0 0 0 0 0 0 0 10
0 0 0 0 0 0 0 10
0 0 0 0 0 0 0 10
0 0 0 0 0 0 0 10
0 0 0 0 0 0 0 10
0 0 0 0 0 0 0 10
0 0 0 0 0 0 0 10
0 0 0 0 0 0 0 10
0 0 0 0 0 0 0 10
0 0 0 0 0 0 0 10
0 0 0 0 0 0 0 10
0 0 0 0 0 0 0 10
0 0 0 0 0 0 0 10
0 0 0 0 0 0 0 10
0 0 0 0 0 0 0 10
0 0 0 0 0 0 0 10
0 0 0 0 0 0 0 50
0 0 0 0 0 0 0 50
0 0 0 0 0 0 0 50
0 0 0 0 0 0 0 50
0 0 0 0 0 0 0 50
0 0 0 0 0 0 0 50
0 0 0 0 0 0 0 50
0 0 0 0 0 0 0 50
0 0 0 0 0 0 0 50
0 0 0 0 0 0 0 50
0 0 0 0 0 0 0 50
0 0 0 0 0 0 0 50
0 0 0 0 0 0 0 50
0 0 0 0 0 0 0 50
0 0 0 0 0 0 0 50
0 0 0 0 0 0 0 50
0 0 0 0 0 0 0 50
0 0 0 0 0 0 0 50
0 0 0 0 0 0 0 50
0 0 0 0 0 0 0 50
0 0 0 0 0 0 0 100
0 0 0 0 0 0 0 100
0 0 0 0 0 0 0 100
0 0 0 0 0 0 0 100
0 0 0 0 0 0 0 100
0 0 0 0 0 0 0 100
0 0 0 0 0 0 0 100
0 0 0 0 0 0 0 100
0 0 0 0 0 0 0 100
0 0 0 0 0 0 0 100
0 0 0 0 0 0 0 100
0 0 0 0 0 0 0 100
0 0 0 0 0 0 0 100
0 0 0 0 0 0 0 100
0 0 0 0 0 0 0 100
0 0 0 0 0 0 0 100
0 0 0 0 0 0 0 100
0 0 0 0 0 0 0 100
0 0 0 0 0 0 0 100
0 0 0 0 0 0 0 100
0 0 0 0 0 0 0 250
0 0 0 0 0 0 0 250
0 0 0 0 0 0 0 250
0 0 0 0 0 0 0 250
0 0 0 0 0 0 0 250
0 0 0 0 0 0 0 250
0 0 0 0 0 0 0 250
0 0 0 0 0 0 0 250
0 0 0 0 0 0 0 250
0 0 0 0 0 0 0 250
0 0 0 0 0 0 0 250
0 0 0 0 0 0 0 250
0 0 0 0 0 0 0 250
0 0 0 0 0 0 0 250
0 0 0 0 0 0 0 250
0 0 0 0 0 0 0 250
0 0 0 0 0 0 0 250
0 0 0 0 0 0 0 250
0 0 0 0 0 0 0 250
0 0 0 0 0 0 0 250
0 0 0 0 0 0 1 500
0 0 0 0 0 0 1 500
0 0 0 0 0 0 1 500
0 0 0 0 0 0 1 500
0 0 0 0 0 0 1 500
0 0 0 0 0 0 1 500
0 0 0 0 0 0 1 500
0 0 0 0 0 0 1 500
0 0 0 0 0 0 1 500
0 0 0 0 0 0 1 500
0 0 0 0 0 0 1 500
0 0 0 0 0 0 1 500
0 0 0 0 0 0 1 500
0 0 0 0 0 0 1 500
0 0 0 0 0 0 1 500
0 0 0 0 0 0 1 500
1 0 0 0 0 0 1 500
1 0 0 0 0 0 1 500
1 0 0 0 0 0 1 500
1 0 0 0 0 0 1 500
1 1 1 1 1 1 2 1000
1 1 1 1 1 1 2 1000
1 1 1 1 1 1 2 1000
1 1 1 1 1 1 2 1000
1 1 1 1 1 1 2 1000
1 1 1 1 1 1 2 1000
1 1 1 1 1 1 2 1000
1 1 1 1 1 1 2 1000
1 1 1 1 1 1 2 1000
1 1 1 1 1 1 2 1000
1 1 1 1 1 1 2 1000
1 1 1 1 1 1 2 1000
1 1 1 1 1 1 2 1000
1 1 1 1 1 1 2 1000
1 1 1 1 1 1 2 1000
1 1 1 1 1 1 2 1000
2 1 1 1 1 1 2 1000
2 1 1 1 1 1 2 1000
2 1 1 1 1 1 2 1000
2 1 1 1 1 1 2 1000
3 6 3 4 5 8 13 2000
4 6 3 4 5 8 13 2000
4 6 3 4 5 8 13 2000
4 6 3 4 5 8 13 2000
4 6 3 4 5 8 13 2000
4 6 3 4 5 8 13 2000
4 6 3 4 5 8 13 2000
4 6 3 4 5 8 13 2000
4 6 3 4 5 8 13 2000
5 6 3 4 5 8 13 2000
5 6 3 4 5 8 13 2000
5 6 3 4 5 8 13 2000
5 6 3 4 5 8 13 2000
5 6 3 4 5 8 13 2000
6 6 3 4 5 8 13 2000
8 6 3 4 5 8 13 2000
11 6 3 4 5 8 13 2000
12 6 3 4 5 8 13 2000
12 6 3 4 5 8 13 2000
13 6 3 4 5 8 13 2000
8 12 8 9 12 18 21 3000
8 12 8 9 12 18 21 3000
8 12 8 9 12 18 21 3000
9 12 8 9 12 18 21 3000
9 12 8 9 12 18 21 3000
9 12 8 9 12 18 21 3000
9 12 8 9 12 18 21 3000
9 12 8 9 12 18 21 3000
12 12 8 9 12 18 21 3000
12 12 8 9 12 18 21 3000
12 12 8 9 12 18 21 3000
12 12 8 9 12 18 21 3000
12 12 8 9 12 18 21 3000
15 12 8 9 12 18 21 3000
16 12 8 9 12 18 21 3000
18 12 8 9 12 18 21 3000
19 12 8 9 12 18 21 3000
19 12 8 9 12 18 21 3000
20 12 8 9 12 18 21 3000
21 12 8 9 12 18 21 3000
16 28 16 19 25 42 52 4000
16 28 16 19 25 42 52 4000
17 28 16 19 25 42 52 4000
18 28 16 19 25 42 52 4000
18 28 16 19 25 42 52 4000
19 28 16 19 25 42 52 4000
20 28 16 19 25 42 52 4000
22 28 16 19 25 42 52 4000
22 28 16 19 25 42 52 4000
24 28 16 19 25 42 52 4000
25 28 16 19 25 42 52 4000
25 28 16 19 25 42 52 4000
27 28 16 19 25 42 52 4000
30 28 16 19 25 42 52 4000
33 28 16 19 25 42 52 4000
42 28 16 19 25 42 52 4000
47 28 16 19 25 42 52 4000
48 28 16 19 25 42 52 4000
52 28 16 19 25 42 52 4000
52 28 16 19 25 42 52 4000
23 32 23 27 30 34 65 5000
23 32 23 27 30 34 65 5000
24 32 23 27 30 34 65 5000
25 32 23 27 30 34 65 5000
25 32 23 27 30 34 65 5000
27 32 23 27 30 34 65 5000
28 32 23 27 30 34 65 5000
28 32 23 27 30 34 65 5000
29 32 23 27 30 34 65 5000
30 32 23 27 30 34 65 5000
30 32 23 27 30 34 65 5000
30 32 23 27 30 34 65 5000
32 32 23 27 30 34 65 5000
32 32 23 27 30 34 65 5000
32 32 23 27 30 34 65 5000
34 32 23 27 30 34 65 5000
35 32 23 27 30 34 65 5000
39 32 23 27 30 34 65 5000
55 32 23 27 30 34 65 5000
65 32 23 27 30 34 65 5000
34 42 34 39 42 43 73 6000
34 42 34 39 42 43 73 6000
35 42 34 39 42 43 73 6000
37 42 34 39 42 43 73 6000
39 42 34 39 42 43 73 6000
39 42 34 39 42 43 73 6000
39 42 34 39 42 43 73 6000
41 42 34 39 42 43 73 6000
41 42 34 39 42 43 73 6000
41 42 34 39 42 43 73 6000
42 42 34 39 42 43 73 6000
42 42 34 39 42 43 73 6000
43 42 34 39 42 43 73 6000
43 42 34 39 42 43 73 6000
43 42 34 39 42 43 73 6000
43 42 34 39 42 43 73 6000
43 42 34 39 42 43 73 6000
44 42 34 39 42 43 73 6000
47 42 34 39 42 43 73 6000
73 42 34 39 42 43 73 6000
47 70 47 55 71 82 148 7000
49 70 47 55 71 82 148 7000
51 70 47 55 71 82 148 7000
54 70 47 55 71 82 148 7000
54 70 47 55 71 82 148 7000
55 70 47 55 71 82 148 7000
56 70 47 55 71 82 148 7000
56 70 47 55 71 82 148 7000
58 70 47 55 71 82 148 7000
62 70 47 55 71 82 148 7000
71 70 47 55 71 82 148 7000
75 70 47 55 71 82 148 7000
77 70 47 55 71 82 148 7000
79 70 47 55 71 82 148 7000
81 70 47 55 71 82 148 7000
82 70 47 55 71 82 148 7000
83 70 47 55 71 82 148 7000
85 70 47 55 71 82 148 7000
91 70 47 55 71 82 148 7000
148 70 47 55 71 82 148 7000
64 98 64 82 87 114 179 8000
66 98 64 82 87 114 179 8000
68 98 64 82 87 114 179 8000
77 98 64 82 87 114 179 8000
78 98 64 82 87 114 179 8000
82 98 64 82 87 114 179 8000
83 98 64 82 87 114 179 8000
84 98 64 82 87 114 179 8000
84 98 64 82 87 114 179 8000
85 98 64 82 87 114 179 8000
87 98 64 82 87 114 179 8000
92 98 64 82 87 114 179 8000
102 98 64 82 87 114 179 8000
108 98 64 82 87 114 179 8000
113 98 64 82 87 114 179 8000
114 98 64 82 87 114 179 8000
119 98 64 82 87 114 179 8000
119 98 64 82 87 114 179 8000
168 98 64 82 87 114 179 8000
179 98 64 82 87 114 179 8000
76 89 76 81 85 96 123 9000
77 89 76 81 85 96 123 9000
78 89 76 81 85 96 123 9000
78 89 76 81 85 96 123 9000
79 89 76 81 85 96 123 9000
81 89 76 81 85 96 123 9000
81 89 76 81 85 96 123 9000
82 89 76 81 85 96 123 9000
84 89 76 81 85 96 123 9000
85 89 76 81 85 96 123 9000
85 89 76 81 85 96 123 9000
87 89 76 81 85 96 123 9000
89 89 76 81 85 96 123 9000
90 89 76 81 85 96 123 9000
94 89 76 81 85 96 123 9000
96 89 76 81 85 96 123 9000
98 89 76 81 85 96 123 9000
113 89 76 81 85 96 123 9000
119 89 76 81 85 96 123 9000
123 89 76 81 85 96 123 9000
96 105 96 98 103 108 160 10000
96 105 96 98 103 108 160 10000
96 105 96 98 103 108 160 10000
98 105 96 98 103 108 160 10000
98 105 96 98 103 108 160 10000
98 105 96 98 103 108 160 10000
100 105 96 98 103 108 160 10000
100 105 96 98 103 108 160 10000
101 105 96 98 103 108 160 10000
102 105 96 98 103 108 160 10000
103 105 96 98 103 108 160 10000
105 105 96 98 103 108 160 10000
105 105 96 98 103 108 160 10000
106 105 96 98 103 108 160 10000
106 105 96 98 103 108 160 10000
108 105 96 98 103 108 160 10000
108 105 96 98 103 108 160 10000
109 105 96 98 103 108 160 10000
114 105 96 98 103 108 160 10000
160 105 96 98 103 108 160 10000
