0 0 0 0 0 0 0 1
0 0 0 0 0 0 0 1
0 0 0 0 0 0 0 1
0 0 0 0 0 0 0 1
0 0 0 0 0 0 0 1
0 0 0 0 0 0 0 1
0 0 0 0 0 0 0 1
0 0 0 0 0 0 0 1
0 0 0 0 0 0 0 1
0 0 0 0 0 0 0 1
0 0 0 0 0 0 0 1
0 0 0 0 0 0 0 1
0 0 0 0 0 0 0 1
0 0 0 0 0 0 0 1
0 0 0 0 0 0 0 1
0 0 0 0 0 0 0 1
0 0 0 0 0 0 0 1
0 0 0 0 0 0 0 1
0 0 0 0 0 0 0 1
0 0 0 0 0 0 0 1
0 0 0 0 0 0 0 10
0 0 0 0 0 0 0 10
0 0 0 0 0 0 0 10
0 0 0 0 0 0 0 10
0 0 0 0 0 0 0 10
0 0 0 0 0 0 0 10
0 0 0 0 0 0 0 10
0 0 0 0 0 0 0 10
0 0 0 0 0 0 0 10
0 0 0 0 0 0 0 10
0 0 0 0 0 0 0 10
0 0 0 0 0 0 0 10
0 0 0 0 0 0 0 10
0 0 0 0 0 0 0 10
0 0 0 0 0 0 0 10
0 0 0 0 0 0 0 10
0 0 0 0 0 0 0 10
0 0 0 0 0 0 0 10
0 0 0 0 0 0 0 10
0 0 0 0 0 0 0 10
0 0 0 0 0 0 0 50
0 0 0 0 0 0 0 50
0 0 0 0 0 0 0 50
0 0 0 0 0 0 0 50
0 0 0 0 0 0 0 50
0 0 0 0 0 0 0 50
0 0 0 0 0 0 0 50
0 0 0 0 0 0 0 50
0 0 0 0 0 0 0 50
0 0 0 0 0 0 0 50
0 0 0 0 0 0 0 50
0 0 0 0 0 0 0 50
0 0 0 0 0 0 0 50
0 0 0 0 0 0 0 50
0 0 0 0 0 0 0 50
0 0 0 0 0 0 0 50
0 0 0 0 0 0 0 50
0 0 0 0 0 0 0 50
0 0 0 0 0 0 0 50
0 0 0 0 0 0 0 50
0 0 0 0 0 0 1 100
0 0 0 0 0 0 1 100
0 0 0 0 0 0 1 100
0 0 0 0 0 0 1 100
0 0 0 0 0 0 1 100
0 0 0 0 0 0 1 100
0 0 0 0 0 0 1 100
0 0 0 0 0 0 1 100
0 0 0 0 0 0 1 100
0 0 0 0 0 0 1 100
0 0 0 0 0 0 1 100
0 0 0 0 0 0 1 100
0 0 0 0 0 0 1 100
0 0 0 0 0 0 1 100
0 0 0 0 0 0 1 100
0 0 0 0 0 0 1 100
0 0 0 0 0 0 1 100
0 0 0 0 0 0 1 100
1 0 0 0 0 0 1 100
1 0 0 0 0 0 1 100
0 0 0 0 0 0 1 250
0 0 0 0 0 0 1 250
0 0 0 0 0 0 1 250
0 0 0 0 0 0 1 250
0 0 0 0 0 0 1 250
0 0 0 0 0 0 1 250
0 0 0 0 0 0 1 250
0 0 0 0 0 0 1 250
0 0 0 0 0 0 1 250
0 0 0 0 0 0 1 250
0 0 0 0 0 0 1 250
0 0 0 0 0 0 1 250
0 0 0 0 0 0 1 250
0 0 0 0 0 0 1 250
0 0 0 0 0 0 1 250
0 0 0 0 0 0 1 250
0 0 0 0 0 0 1 250
0 0 0 0 0 0 1 250
1 0 0 0 0 0 1 250
1 0 0 0 0 0 1 250
0 0 0 0 0 1 1 500
0 0 0 0 0 1 1 500
0 0 0 0 0 1 1 500
0 0 0 0 0 1 1 500
0 0 0 0 0 1 1 500
0 0 0 0 0 1 1 500
0 0 0 0 0 1 1 500
0 0 0 0 0 1 1 500
0 0 0 0 0 1 1 500
0 0 0 0 0 1 1 500
0 0 0 0 0 1 1 500
0 0 0 0 0 1 1 500
0 0 0 0 0 1 1 500
0 0 0 0 0 1 1 500
1 0 0 0 0 1 1 500
1 0 0 0 0 1 1 500
1 0 0 0 0 1 1 500
1 0 0 0 0 1 1 500
1 0 0 0 0 1 1 500
1 0 0 0 0 1 1 500
0 1 0 1 1 2 3 1000
1 1 0 1 1 2 3 1000
1 1 0 1 1 2 3 1000
1 1 0 1 1 2 3 1000
1 1 0 1 1 2 3 1000
1 1 0 1 1 2 3 1000
1 1 0 1 1 2 3 1000
1 1 0 1 1 2 3 1000
1 1 0 1 1 2 3 1000
1 1 0 1 1 2 3 1000
1 1 0 1 1 2 3 1000
1 1 0 1 1 2 3 1000
2 1 0 1 1 2 3 1000
2 1 0 1 1 2 3 1000
2 1 0 1 1 2 3 1000
2 1 0 1 1 2 3 1000
2 1 0 1 1 2 3 1000
2 1 0 1 1 2 3 1000
2 1 0 1 1 2 3 1000
3 1 0 1 1 2 3 1000
3 5 3 4 4 6 15 2000
3 5 3 4 4 6 15 2000
3 5 3 4 4 6 15 2000
3 5 3 4 4 6 15 2000
4 5 3 4 4 6 15 2000
4 5 3 4 4 6 15 2000
4 5 3 4 4 6 15 2000
4 5 3 4 4 6 15 2000
4 5 3 4 4 6 15 2000
4 5 3 4 4 6 15 2000
4 5 3 4 4 6 15 2000
4 5 3 4 4 6 15 2000
4 5 3 4 4 6 15 2000
5 5 3 4 4 6 15 2000
6 5 3 4 4 6 15 2000
6 5 3 4 4 6 15 2000
6 5 3 4 4 6 15 2000
7 5 3 4 4 6 15 2000
7 5 3 4 4 6 15 2000
15 5 3 4 4 6 15 2000
8 11 8 10 11 13 23 3000
9 11 8 10 11 13 23 3000
9 11 8 10 11 13 23 3000
9 11 8 10 11 13 23 3000
9 11 8 10 11 13 23 3000
10 11 8 10 11 13 23 3000
10 11 8 10 11 13 23 3000
10 11 8 10 11 13 23 3000
11 11 8 10 11 13 23 3000
11 11 8 10 11 13 23 3000
11 11 8 10 11 13 23 3000
12 11 8 10 11 13 23 3000
12 11 8 10 11 13 23 3000
12 11 8 10 11 13 23 3000
13 11 8 10 11 13 23 3000
13 11 8 10 11 13 23 3000
15 11 8 10 11 13 23 3000
16 11 8 10 11 13 23 3000
16 11 8 10 11 13 23 3000
23 11 8 10 11 13 23 3000
15 20 15 18 19 22 40 4000
17 20 15 18 19 22 40 4000
17 20 15 18 19 22 40 4000
17 20 15 18 19 22 40 4000
17 20 15 18 19 22 40 4000
18 20 15 18 19 22 40 4000
18 20 15 18 19 22 40 4000
18 20 15 18 19 22 40 4000
18 20 15 18 19 22 40 4000
18 20 15 18 19 22 40 4000
19 20 15 18 19 22 40 4000
19 20 15 18 19 22 40 4000
20 20 15 18 19 22 40 4000
20 20 15 18 19 22 40 4000
21 20 15 18 19 22 40 4000
22 20 15 18 19 22 40 4000
23 20 15 18 19 22 40 4000
23 20 15 18 19 22 40 4000
24 20 15 18 19 22 40 4000
40 20 15 18 19 22 40 4000
24 32 24 26 29 34 66 5000
24 32 24 26 29 34 66 5000
24 32 24 26 29 34 66 5000
24 32 24 26 29 34 66 5000
25 32 24 26 29 34 66 5000
26 32 24 26 29 34 66 5000
26 32 24 26 29 34 66 5000
27 32 24 26 29 34 66 5000
28 32 24 26 29 34 66 5000
28 32 24 26 29 34 66 5000
29 32 24 26 29 34 66 5000
29 32 24 26 29 34 66 5000
31 32 24 26 29 34 66 5000
31 32 24 26 29 34 66 5000
33 32 24 26 29 34 66 5000
34 32 24 26 29 34 66 5000
35 32 24 26 29 34 66 5000
44 32 24 26 29 34 66 5000
57 32 24 26 29 34 66 5000
66 32 24 26 29 34 66 5000
36 53 36 46 52 64 78 6000
43 53 36 46 52 64 78 6000
44 53 36 46 52 64 78 6000
45 53 36 46 52 64 78 6000
45 53 36 46 52 64 78 6000
46 53 36 46 52 64 78 6000
49 53 36 46 52 64 78 6000
49 53 36 46 52 64 78 6000
50 53 36 46 52 64 78 6000
51 53 36 46 52 64 78 6000
52 53 36 46 52 64 78 6000
53 53 36 46 52 64 78 6000
54 53 36 46 52 64 78 6000
58 53 36 46 52 64 78 6000
60 53 36 46 52 64 78 6000
64 53 36 46 52 64 78 6000
64 53 36 46 52 64 78 6000
65 53 36 46 52 64 78 6000
71 53 36 46 52 64 78 6000
78 53 36 46 52 64 78 6000
52 70 52 62 68 81 113 7000
53 70 52 62 68 81 113 7000
56 70 52 62 68 81 113 7000
58 70 52 62 68 81 113 7000
59 70 52 62 68 81 113 7000
62 70 52 62 68 81 113 7000
65 70 52 62 68 81 113 7000
67 70 52 62 68 81 113 7000
67 70 52 62 68 81 113 7000
67 70 52 62 68 81 113 7000
68 70 52 62 68 81 113 7000
69 70 52 62 68 81 113 7000
69 70 52 62 68 81 113 7000
69 70 52 62 68 81 113 7000
74 70 52 62 68 81 113 7000
81 70 52 62 68 81 113 7000
82 70 52 62 68 81 113 7000
84 70 52 62 68 81 113 7000
99 70 52 62 68 81 113 7000
113 70 52 62 68 81 113 7000
61 82 61 69 78 97 126 8000
62 82 61 69 78 97 126 8000
63 82 61 69 78 97 126 8000
64 82 61 69 78 97 126 8000
67 82 61 69 78 97 126 8000
69 82 61 69 78 97 126 8000
75 82 61 69 78 97 126 8000
76 82 61 69 78 97 126 8000
77 82 61 69 78 97 126 8000
78 82 61 69 78 97 126 8000
78 82 61 69 78 97 126 8000
79 82 61 69 78 97 126 8000
79 82 61 69 78 97 126 8000
91 82 61 69 78 97 126 8000
94 82 61 69 78 97 126 8000
97 82 61 69 78 97 126 8000
99 82 61 69 78 97 126 8000
100 82 61 69 78 97 126 8000
117 82 61 69 78 97 126 8000
126 82 61 69 78 97 126 8000
81 114 81 90 101 124 245 9000
82 114 81 90 101 124 245 9000
83 114 81 90 101 124 245 9000
86 114 81 90 101 124 245 9000
87 114 81 90 101 124 245 9000
90 114 81 90 101 124 245 9000
91 114 81 90 101 124 245 9000
95 114 81 90 101 124 245 9000
96 114 81 90 101 124 245 9000
100 114 81 90 101 124 245 9000
101 114 81 90 101 124 245 9000
109 114 81 90 101 124 245 9000
112 114 81 90 101 124 245 9000
120 114 81 90 101 124 245 9000
120 114 81 90 101 124 245 9000
124 114 81 90 101 124 245 9000
147 114 81 90 101 124 245 9000
157 114 81 90 101 124 245 9000
166 114 81 90 101 124 245 9000
245 114 81 90 101 124 245 9000
101 127 101 109 125 145 197 10000
103 127 101 109 125 145 197 10000
103 127 101 109 125 145 197 10000
104 127 101 109 125 145 197 10000
107 127 101 109 125 145 197 10000
109 127 101 109 125 145 197 10000
109 127 101 109 125 145 197 10000
112 127 101 109 125 145 197 10000
114 127 101 109 125 145 197 10000
124 127 101 109 125 145 197 10000
125 127 101 109 125 145 197 10000
125 127 101 109 125 145 197 10000
126 127 101 109 125 145 197 10000
127 127 101 109 125 145 197 10000
136 127 101 109 125 145 197 10000
145 127 101 109 125 145 197 10000
155 127 101 109 125 145 197 10000
161 127 101 109 125 145 197 10000
163 127 101 109 125 145 197 10000
197 127 101 109 125 145 197 10000
