0 0 0 0 0 0 0 1
0 0 0 0 0 0 0 1
0 0 0 0 0 0 0 1
0 0 0 0 0 0 0 1
0 0 0 0 0 0 0 1
0 0 0 0 0 0 0 1
0 0 0 0 0 0 0 1
0 0 0 0 0 0 0 1
0 0 0 0 0 0 0 1
0 0 0 0 0 0 0 1
0 0 0 0 0 0 0 1
0 0 0 0 0 0 0 1
0 0 0 0 0 0 0 1
0 0 0 0 0 0 0 1
0 0 0 0 0 0 0 1
0 0 0 0 0 0 0 1
0 0 0 0 0 0 0 1
0 0 0 0 0 0 0 1
0 0 0 0 0 0 0 1
0 0 0 0 0 0 0 1
0 0 0 0 0 0 0 10
0 0 0 0 0 0 0 10
0 0 0 0 0 0 0 10
0 0 0 0 0 0 0 10
0 0 0 0 0 0 0 10
0 0 0 0 0 0 0 10
0 0 0 0 0 0 0 10
0 0 0 0 0 0 0 10
0 0 0 0 0 0 0 10
0 0 0 0 0 0 0 10
0 0 0 0 0 0 0 10
0 0 0 0 0 0 0 10
0 0 0 0 0 0 0 10
0 0 0 0 0 0 0 10
0 0 0 0 0 0 0 10
0 0 0 0 0 0 0 10
0 0 0 0 0 0 0 10
0 0 0 0 0 0 0 10
0 0 0 0 0 0 0 10
0 0 0 0 0 0 0 10
0 0 0 0 0 0 0 50
0 0 0 0 0 0 0 50
0 0 0 0 0 0 0 50
0 0 0 0 0 0 0 50
0 0 0 0 0 0 0 50
0 0 0 0 0 0 0 50
0 0 0 0 0 0 0 50
0 0 0 0 0 0 0 50
0 0 0 0 0 0 0 50
0 0 0 0 0 0 0 50
0 0 0 0 0 0 0 50
0 0 0 0 0 0 0 50
0 0 0 0 0 0 0 50
0 0 0 0 0 0 0 50
0 0 0 0 0 0 0 50
0 0 0 0 0 0 0 50
0 0 0 0 0 0 0 50
0 0 0 0 0 0 0 50
0 0 0 0 0 0 0 50
0 0 0 0 0 0 0 50
0 0 0 0 0 0 1 100
0 0 0 0 0 0 1 100
0 0 0 0 0 0 1 100
0 0 0 0 0 0 1 100
0 0 0 0 0 0 1 100
0 0 0 0 0 0 1 100
0 0 0 0 0 0 1 100
0 0 0 0 0 0 1 100
0 0 0 0 0 0 1 100
0 0 0 0 0 0 1 100
0 0 0 0 0 0 1 100
0 0 0 0 0 0 1 100
0 0 0 0 0 0 1 100
0 0 0 0 0 0 1 100
0 0 0 0 0 0 1 100
0 0 0 0 0 0 1 100
0 0 0 0 0 0 1 100
0 0 0 0 0 0 1 100
0 0 0 0 0 0 1 100
1 0 0 0 0 0 1 100
0 0 0 0 0 0 2 250
0 0 0 0 0 0 2 250
0 0 0 0 0 0 2 250
0 0 0 0 0 0 2 250
0 0 0 0 0 0 2 250
0 0 0 0 0 0 2 250
0 0 0 0 0 0 2 250
0 0 0 0 0 0 2 250
0 0 0 0 0 0 2 250
0 0 0 0 0 0 2 250
0 0 0 0 0 0 2 250
0 0 0 0 0 0 2 250
0 0 0 0 0 0 2 250
0 0 0 0 0 0 2 250
0 0 0 0 0 0 2 250
0 0 0 0 0 0 2 250
0 0 0 0 0 0 2 250
0 0 0 0 0 0 2 250
1 0 0 0 0 0 2 250
2 0 0 0 0 0 2 250
0 0 0 0 0 0 1 500
0 0 0 0 0 0 1 500
0 0 0 0 0 0 1 500
0 0 0 0 0 0 1 500
0 0 0 0 0 0 1 500
0 0 0 0 0 0 1 500
0 0 0 0 0 0 1 500
0 0 0 0 0 0 1 500
0 0 0 0 0 0 1 500
0 0 0 0 0 0 1 500
0 0 0 0 0 0 1 500
0 0 0 0 0 0 1 500
0 0 0 0 0 0 1 500
0 0 0 0 0 0 1 500
0 0 0 0 0 0 1 500
0 0 0 0 0 0 1 500
0 0 0 0 0 0 1 500
1 0 0 0 0 0 1 500
1 0 0 0 0 0 1 500
1 0 0 0 0 0 1 500
1 1 1 1 1 1 3 1000
1 1 1 1 1 1 3 1000
1 1 1 1 1 1 3 1000
1 1 1 1 1 1 3 1000
1 1 1 1 1 1 3 1000
1 1 1 1 1 1 3 1000
1 1 1 1 1 1 3 1000
1 1 1 1 1 1 3 1000
1 1 1 1 1 1 3 1000
1 1 1 1 1 1 3 1000
1 1 1 1 1 1 3 1000
1 1 1 1 1 1 3 1000
1 1 1 1 1 1 3 1000
1 1 1 1 1 1 3 1000
1 1 1 1 1 1 3 1000
1 1 1 1 1 1 3 1000
1 1 1 1 1 1 3 1000
1 1 1 1 1 1 3 1000
2 1 1 1 1 1 3 1000
3 1 1 1 1 1 3 1000
4 5 4 4 4 5 28 2000
4 5 4 4 4 5 28 2000
4 5 4 4 4 5 28 2000
4 5 4 4 4 5 28 2000
4 5 4 4 4 5 28 2000
4 5 4 4 4 5 28 2000
4 5 4 4 4 5 28 2000
4 5 4 4 4 5 28 2000
4 5 4 4 4 5 28 2000
4 5 4 4 4 5 28 2000
4 5 4 4 4 5 28 2000
5 5 4 4 4 5 28 2000
5 5 4 4 4 5 28 2000
5 5 4 4 4 5 28 2000
5 5 4 4 4 5 28 2000
5 5 4 4 4 5 28 2000
6 5 4 4 4 5 28 2000
6 5 4 4 4 5 28 2000
6 5 4 4 4 5 28 2000
28 5 4 4 4 5 28 2000
9 13 9 9 10 15 40 3000
9 13 9 9 10 15 40 3000
9 13 9 9 10 15 40 3000
9 13 9 9 10 15 40 3000
9 13 9 9 10 15 40 3000
9 13 9 9 10 15 40 3000
9 13 9 9 10 15 40 3000
9 13 9 9 10 15 40 3000
10 13 9 9 10 15 40 3000
10 13 9 9 10 15 40 3000
10 13 9 9 10 15 40 3000
10 13 9 9 10 15 40 3000
11 13 9 9 10 15 40 3000
12 13 9 9 10 15 40 3000
12 13 9 9 10 15 40 3000
15 13 9 9 10 15 40 3000
17 13 9 9 10 15 40 3000
20 13 9 9 10 15 40 3000
25 13 9 9 10 15 40 3000
40 13 9 9 10 15 40 3000
15 21 15 17 20 23 50 4000
16 21 15 17 20 23 50 4000
16 21 15 17 20 23 50 4000
16 21 15 17 20 23 50 4000
17 21 15 17 20 23 50 4000
17 21 15 17 20 23 50 4000
17 21 15 17 20 23 50 4000
19 21 15 17 20 23 50 4000
20 21 15 17 20 23 50 4000
20 21 15 17 20 23 50 4000
20 21 15 17 20 23 50 4000
21 21 15 17 20 23 50 4000
22 21 15 17 20 23 50 4000
23 21 15 17 20 23 50 4000
23 21 15 17 20 23 50 4000
23 21 15 17 20 23 50 4000
23 21 15 17 20 23 50 4000
23 21 15 17 20 23 50 4000
25 21 15 17 20 23 50 4000
50 21 15 17 20 23 50 4000
24 31 24 27 32 34 52 5000
24 31 24 27 32 34 52 5000
25 31 24 27 32 34 52 5000
26 31 24 27 32 34 52 5000
26 31 24 27 32 34 52 5000
27 31 24 27 32 34 52 5000
27 31 24 27 32 34 52 5000
28 31 24 27 32 34 52 5000
28 31 24 27 32 34 52 5000
32 31 24 27 32 34 52 5000
32 31 24 27 32 34 52 5000
32 31 24 27 32 34 52 5000
32 31 24 27 32 34 52 5000
33 31 24 27 32 34 52 5000
33 31 24 27 32 34 52 5000
34 31 24 27 32 34 52 5000
36 31 24 27 32 34 52 5000
39 31 24 27 32 34 52 5000
44 31 24 27 32 34 52 5000
52 31 24 27 32 34 52 5000
34 50 34 38 44 57 100 6000
35 50 34 38 44 57 100 6000
35 50 34 38 44 57 100 6000
36 50 34 38 44 57 100 6000
38 50 34 38 44 57 100 6000
38 50 34 38 44 57 100 6000
39 50 34 38 44 57 100 6000
41 50 34 38 44 57 100 6000
41 50 34 38 44 57 100 6000
44 50 34 38 44 57 100 6000
44 50 34 38 44 57 100 6000
48 50 34 38 44 57 100 6000
49 50 34 38 44 57 100 6000
54 50 34 38 44 57 100 6000
55 50 34 38 44 57 100 6000
57 50 34 38 44 57 100 6000
59 50 34 38 44 57 100 6000
60 50 34 38 44 57 100 6000
95 50 34 38 44 57 100 6000
100 50 34 38 44 57 100 6000
47 76 47 64 73 88 143 7000
52 76 47 64 73 88 143 7000
56 76 47 64 73 88 143 7000
62 76 47 64 73 88 143 7000
64 76 47 64 73 88 143 7000
64 76 47 64 73 88 143 7000
66 76 47 64 73 88 143 7000
69 76 47 64 73 88 143 7000
72 76 47 64 73 88 143 7000
73 76 47 64 73 88 143 7000
73 76 47 64 73 88 143 7000
74 76 47 64 73 88 143 7000
75 76 47 64 73 88 143 7000
76 76 47 64 73 88 143 7000
77 76 47 64 73 88 143 7000
88 76 47 64 73 88 143 7000
95 76 47 64 73 88 143 7000
96 76 47 64 73 88 143 7000
100 76 47 64 73 88 143 7000
143 76 47 64 73 88 143 7000
65 84 65 72 75 105 128 8000
66 84 65 72 75 105 128 8000
67 84 65 72 75 105 128 8000
67 84 65 72 75 105 128 8000
68 84 65 72 75 105 128 8000
72 84 65 72 75 105 128 8000
72 84 65 72 75 105 128 8000
72 84 65 72 75 105 128 8000
74 84 65 72 75 105 128 8000
75 84 65 72 75 105 128 8000
75 84 65 72 75 105 128 8000
78 84 65 72 75 105 128 8000
86 84 65 72 75 105 128 8000
86 84 65 72 75 105 128 8000
102 84 65 72 75 105 128 8000
105 84 65 72 75 105 128 8000
109 84 65 72 75 105 128 8000
113 84 65 72 75 105 128 8000
119 84 65 72 75 105 128 8000
128 84 65 72 75 105 128 8000
78 124 78 106 122 146 180 9000
79 124 78 106 122 146 180 9000
82 124 78 106 122 146 180 9000
86 124 78 106 122 146 180 9000
102 124 78 106 122 146 180 9000
106 124 78 106 122 146 180 9000
109 124 78 106 122 146 180 9000
116 124 78 106 122 146 180 9000
119 124 78 106 122 146 180 9000
121 124 78 106 122 146 180 9000
122 124 78 106 122 146 180 9000
124 124 78 106 122 146 180 9000
128 124 78 106 122 146 180 9000
140 124 78 106 122 146 180 9000
145 124 78 106 122 146 180 9000
146 124 78 106 122 146 180 9000
160 124 78 106 122 146 180 9000
166 124 78 106 122 146 180 9000
172 124 78 106 122 146 180 9000
180 124 78 106 122 146 180 9000
94 124 94 109 115 147 169 10000
97 124 94 109 115 147 169 10000
98 124 94 109 115 147 169 10000
101 124 94 109 115 147 169 10000
105 124 94 109 115 147 169 10000
109 124 94 109 115 147 169 10000
110 124 94 109 115 147 169 10000
111 124 94 109 115 147 169 10000
114 124 94 109 115 147 169 10000
115 124 94 109 115 147 169 10000
115 124 94 109 115 147 169 10000
124 124 94 109 115 147 169 10000
133 124 94 109 115 147 169 10000
142 124 94 109 115 147 169 10000
144 124 94 109 115 147 169 10000
147 124 94 109 115 147 169 10000
149 124 94 109 115 147 169 10000
153 124 94 109 115 147 169 10000
157 124 94 109 115 147 169 10000
169 124 94 109 115 147 169 10000
