0 0 0 0 0 0 0 1
0 0 0 0 0 0 0 1
0 0 0 0 0 0 0 1
0 0 0 0 0 0 0 1
0 0 0 0 0 0 0 1
0 0 0 0 0 0 0 1
0 0 0 0 0 0 0 1
0 0 0 0 0 0 0 1
0 0 0 0 0 0 0 1
0 0 0 0 0 0 0 1
0 0 0 0 0 0 0 1
0 0 0 0 0 0 0 1
0 0 0 0 0 0 0 1
0 0 0 0 0 0 0 1
0 0 0 0 0 0 0 1
0 0 0 0 0 0 0 1
0 0 0 0 0 0 0 1
0 0 0 0 0 0 0 1
0 0 0 0 0 0 0 1
0 0 0 0 0 0 0 1
0 0 0 0 0 0 0 10
0 0 0 0 0 0 0 10
0 0 0 0 0 0 0 10
0 0 0 0 0 0 0 10
0 0 0 0 0 0 0 10
0 0 0 0 0 0 0 10
0 0 0 0 0 0 0 10
0 0 0 0 0 0 0 10
0 0 0 0 0 0 0 10
0 0 0 0 0 0 0 10
0 0 0 0 0 0 0 10
0 0 0 0 0 0 0 10
0 0 0 0 0 0 0 10
0 0 0 0 0 0 0 10
0 0 0 0 0 0 0 10
0 0 0 0 0 0 0 10
0 0 0 0 0 0 0 10
0 0 0 0 0 0 0 10
0 0 0 0 0 0 0 10
0 0 0 0 0 0 0 10
0 0 0 0 0 0 1 50
0 0 0 0 0 0 1 50
0 0 0 0 0 0 1 50
0 0 0 0 0 0 1 50
0 0 0 0 0 0 1 50
0 0 0 0 0 0 1 50
0 0 0 0 0 0 1 50
0 0 0 0 0 0 1 50
0 0 0 0 0 0 1 50
0 0 0 0 0 0 1 50
0 0 0 0 0 0 1 50
0 0 0 0 0 0 1 50
0 0 0 0 0 0 1 50
0 0 0 0 0 0 1 50
0 0 0 0 0 0 1 50
0 0 0 0 0 0 1 50
0 0 0 0 0 0 1 50
0 0 0 0 0 0 1 50
0 0 0 0 0 0 1 50
1 0 0 0 0 0 1 50
0 0 0 0 0 0 0 100
0 0 0 0 0 0 0 100
0 0 0 0 0 0 0 100
0 0 0 0 0 0 0 100
0 0 0 0 0 0 0 100
0 0 0 0 0 0 0 100
0 0 0 0 0 0 0 100
0 0 0 0 0 0 0 100
0 0 0 0 0 0 0 100
0 0 0 0 0 0 0 100
0 0 0 0 0 0 0 100
0 0 0 0 0 0 0 100
0 0 0 0 0 0 0 100
0 0 0 0 0 0 0 100
0 0 0 0 0 0 0 100
0 0 0 0 0 0 0 100
0 0 0 0 0 0 0 100
0 0 0 0 0 0 0 100
0 0 0 0 0 0 0 100
0 0 0 0 0 0 0 100
0 0 0 0 0 0 1 250
0 0 0 0 0 0 1 250
0 0 0 0 0 0 1 250
0 0 0 0 0 0 1 250
0 0 0 0 0 0 1 250
0 0 0 0 0 0 1 250
0 0 0 0 0 0 1 250
0 0 0 0 0 0 1 250
0 0 0 0 0 0 1 250
0 0 0 0 0 0 1 250
0 0 0 0 0 0 1 250
0 0 0 0 0 0 1 250
0 0 0 0 0 0 1 250
0 0 0 0 0 0 1 250
0 0 0 0 0 0 1 250
0 0 0 0 0 0 1 250
0 0 0 0 0 0 1 250
0 0 0 0 0 0 1 250
0 0 0 0 0 0 1 250
1 0 0 0 0 0 1 250
0 0 0 0 0 0 2 500
0 0 0 0 0 0 2 500
0 0 0 0 0 0 2 500
0 0 0 0 0 0 2 500
0 0 0 0 0 0 2 500
0 0 0 0 0 0 2 500
0 0 0 0 0 0 2 500
0 0 0 0 0 0 2 500
0 0 0 0 0 0 2 500
0 0 0 0 0 0 2 500
0 0 0 0 0 0 2 500
0 0 0 0 0 0 2 500
0 0 0 0 0 0 2 500
0 0 0 0 0 0 2 500
0 0 0 0 0 0 2 500
0 0 0 0 0 0 2 500
1 0 0 0 0 0 2 500
1 0 0 0 0 0 2 500
1 0 0 0 0 0 2 500
2 0 0 0 0 0 2 500
0 1 0 1 1 1 3 1000
0 1 0 1 1 1 3 1000
1 1 0 1 1 1 3 1000
1 1 0 1 1 1 3 1000
1 1 0 1 1 1 3 1000
1 1 0 1 1 1 3 1000
1 1 0 1 1 1 3 1000
1 1 0 1 1 1 3 1000
1 1 0 1 1 1 3 1000
1 1 0 1 1 1 3 1000
1 1 0 1 1 1 3 1000
1 1 0 1 1 1 3 1000
1 1 0 1 1 1 3 1000
1 1 0 1 1 1 3 1000
1 1 0 1 1 1 3 1000
1 1 0 1 1 1 3 1000
1 1 0 1 1 1 3 1000
1 1 0 1 1 1 3 1000
2 1 0 1 1 1 3 1000
3 1 0 1 1 1 3 1000
3 8 3 4 5 7 43 2000
3 8 3 4 5 7 43 2000
3 8 3 4 5 7 43 2000
3 8 3 4 5 7 43 2000
4 8 3 4 5 7 43 2000
4 8 3 4 5 7 43 2000
4 8 3 4 5 7 43 2000
4 8 3 4 5 7 43 2000
4 8 3 4 5 7 43 2000
4 8 3 4 5 7 43 2000
5 8 3 4 5 7 43 2000
5 8 3 4 5 7 43 2000
5 8 3 4 5 7 43 2000
5 8 3 4 5 7 43 2000
6 8 3 4 5 7 43 2000
7 8 3 4 5 7 43 2000
8 8 3 4 5 7 43 2000
10 8 3 4 5 7 43 2000
33 8 3 4 5 7 43 2000
43 8 3 4 5 7 43 2000
7 16 7 10 12 26 55 3000
7 16 7 10 12 26 55 3000
7 16 7 10 12 26 55 3000
8 16 7 10 12 26 55 3000
8 16 7 10 12 26 55 3000
10 16 7 10 12 26 55 3000
10 16 7 10 12 26 55 3000
11 16 7 10 12 26 55 3000
11 16 7 10 12 26 55 3000
12 16 7 10 12 26 55 3000
12 16 7 10 12 26 55 3000
13 16 7 10 12 26 55 3000
15 16 7 10 12 26 55 3000
17 16 7 10 12 26 55 3000
21 16 7 10 12 26 55 3000
26 16 7 10 12 26 55 3000
28 16 7 10 12 26 55 3000
28 16 7 10 12 26 55 3000
29 16 7 10 12 26 55 3000
55 16 7 10 12 26 55 3000
11 22 11 16 20 28 48 4000
13 22 11 16 20 28 48 4000
14 22 11 16 20 28 48 4000
14 22 11 16 20 28 48 4000
16 22 11 16 20 28 48 4000
16 22 11 16 20 28 48 4000
17 22 11 16 20 28 48 4000
19 22 11 16 20 28 48 4000
20 22 11 16 20 28 48 4000
20 22 11 16 20 28 48 4000
20 22 11 16 20 28 48 4000
21 22 11 16 20 28 48 4000
23 22 11 16 20 28 48 4000
25 22 11 16 20 28 48 4000
27 22 11 16 20 28 48 4000
28 22 11 16 20 28 48 4000
32 22 11 16 20 28 48 4000
34 22 11 16 20 28 48 4000
36 22 11 16 20 28 48 4000
48 22 11 16 20 28 48 4000
20 30 20 21 25 34 76 5000
20 30 20 21 25 34 76 5000
20 30 20 21 25 34 76 5000
20 30 20 21 25 34 76 5000
20 30 20 21 25 34 76 5000
21 30 20 21 25 34 76 5000
22 30 20 21 25 34 76 5000
23 30 20 21 25 34 76 5000
23 30 20 21 25 34 76 5000
25 30 20 21 25 34 76 5000
25 30 20 21 25 34 76 5000
27 30 20 21 25 34 76 5000
29 30 20 21 25 34 76 5000
31 30 20 21 25 34 76 5000
31 30 20 21 25 34 76 5000
34 30 20 21 25 34 76 5000
35 30 20 21 25 34 76 5000
37 30 20 21 25 34 76 5000
66 30 20 21 25 34 76 5000
76 30 20 21 25 34 76 5000
28 48 28 33 40 69 93 6000
28 48 28 33 40 69 93 6000
28 48 28 33 40 69 93 6000
29 48 28 33 40 69 93 6000
29 48 28 33 40 69 93 6000
33 48 28 33 40 69 93 6000
36 48 28 33 40 69 93 6000
36 48 28 33 40 69 93 6000
38 48 28 33 40 69 93 6000
39 48 28 33 40 69 93 6000
40 48 28 33 40 69 93 6000
43 48 28 33 40 69 93 6000
53 48 28 33 40 69 93 6000
54 48 28 33 40 69 93 6000
61 48 28 33 40 69 93 6000
69 48 28 33 40 69 93 6000
76 48 28 33 40 69 93 6000
78 48 28 33 40 69 93 6000
83 48 28 33 40 69 93 6000
93 48 28 33 40 69 93 6000
38 58 38 47 56 68 117 7000
39 58 38 47 56 68 117 7000
43 58 38 47 56 68 117 7000
45 58 38 47 56 68 117 7000
46 58 38 47 56 68 117 7000
47 58 38 47 56 68 117 7000
48 58 38 47 56 68 117 7000
51 58 38 47 56 68 117 7000
53 58 38 47 56 68 117 7000
54 58 38 47 56 68 117 7000
56 58 38 47 56 68 117 7000
58 58 38 47 56 68 117 7000
59 58 38 47 56 68 117 7000
59 58 38 47 56 68 117 7000
62 58 38 47 56 68 117 7000
68 58 38 47 56 68 117 7000
73 58 38 47 56 68 117 7000
77 58 38 47 56 68 117 7000
84 58 38 47 56 68 117 7000
117 58 38 47 56 68 117 7000
49 72 49 56 71 78 124 8000
51 72 49 56 71 78 124 8000
51 72 49 56 71 78 124 8000
55 72 49 56 71 78 124 8000
55 72 49 56 71 78 124 8000
56 72 49 56 71 78 124 8000
58 72 49 56 71 78 124 8000
58 72 49 56 71 78 124 8000
60 72 49 56 71 78 124 8000
63 72 49 56 71 78 124 8000
71 72 49 56 71 78 124 8000
74 72 49 56 71 78 124 8000
75 72 49 56 71 78 124 8000
76 72 49 56 71 78 124 8000
77 72 49 56 71 78 124 8000
78 72 49 56 71 78 124 8000
84 72 49 56 71 78 124 8000
104 72 49 56 71 78 124 8000
121 72 49 56 71 78 124 8000
124 72 49 56 71 78 124 8000
62 84 62 69 79 110 132 9000
63 84 62 69 79 110 132 9000
63 84 62 69 79 110 132 9000
65 84 62 69 79 110 132 9000
69 84 62 69 79 110 132 9000
69 84 62 69 79 110 132 9000
70 84 62 69 79 110 132 9000
70 84 62 69 79 110 132 9000
71 84 62 69 79 110 132 9000
75 84 62 69 79 110 132 9000
79 84 62 69 79 110 132 9000
80 84 62 69 79 110 132 9000
83 84 62 69 79 110 132 9000
84 84 62 69 79 110 132 9000
88 84 62 69 79 110 132 9000
110 84 62 69 79 110 132 9000
116 84 62 69 79 110 132 9000
117 84 62 69 79 110 132 9000
130 84 62 69 79 110 132 9000
132 84 62 69 79 110 132 9000
76 107 76 90 104 118 190 10000
77 107 76 90 104 118 190 10000
81 107 76 90 104 118 190 10000
84 107 76 90 104 118 190 10000
87 107 76 90 104 118 190 10000
90 107 76 90 104 118 190 10000
93 107 76 90 104 118 190 10000
98 107 76 90 104 118 190 10000
102 107 76 90 104 118 190 10000
103 107 76 90 104 118 190 10000
104 107 76 90 104 118 190 10000
105 107 76 90 104 118 190 10000
108 107 76 90 104 118 190 10000
111 107 76 90 104 118 190 10000
115 107 76 90 104 118 190 10000
118 107 76 90 104 118 190 10000
125 107 76 90 104 118 190 10000
134 107 76 90 104 118 190 10000
139 107 76 90 104 118 190 10000
190 107 76 90 104 118 190 10000
