0 0 0 0 0 0 0 1
0 0 0 0 0 0 0 1
0 0 0 0 0 0 0 1
0 0 0 0 0 0 0 1
0 0 0 0 0 0 0 1
0 0 0 0 0 0 0 1
0 0 0 0 0 0 0 1
0 0 0 0 0 0 0 1
0 0 0 0 0 0 0 1
0 0 0 0 0 0 0 1
0 0 0 0 0 0 0 1
0 0 0 0 0 0 0 1
0 0 0 0 0 0 0 1
0 0 0 0 0 0 0 1
0 0 0 0 0 0 0 1
0 0 0 0 0 0 0 1
0 0 0 0 0 0 0 1
0 0 0 0 0 0 0 1
0 0 0 0 0 0 0 1
0 0 0 0 0 0 0 1
0 0 0 0 0 0 0 10
0 0 0 0 0 0 0 10
0 0 0 0 0 0 0 10
0 0 0 0 0 0 0 10
0 0 0 0 0 0 0 10
0 0 0 0 0 0 0 10
0 0 0 0 0 0 0 10
0 0 0 0 0 0 0 10
0 0 0 0 0 0 0 10
0 0 0 0 0 0 0 10
0 0 0 0 0 0 0 10
0 0 0 0 0 0 0 10
0 0 0 0 0 0 0 10
0 0 0 0 0 0 0 10
0 0 0 0 0 0 0 10
0 0 0 0 0 0 0 10
0 0 0 0 0 0 0 10
0 0 0 0 0 0 0 10
0 0 0 0 0 0 0 10
0 0 0 0 0 0 0 10
0 0 0 0 0 0 0 50
0 0 0 0 0 0 0 50
0 0 0 0 0 0 0 50
0 0 0 0 0 0 0 50
0 0 0 0 0 0 0 50
0 0 0 0 0 0 0 50
0 0 0 0 0 0 0 50
0 0 0 0 0 0 0 50
0 0 0 0 0 0 0 50
0 0 0 0 0 0 0 50
0 0 0 0 0 0 0 50
0 0 0 0 0 0 0 50
0 0 0 0 0 0 0 50
0 0 0 0 0 0 0 50
0 0 0 0 0 0 0 50
0 0 0 0 0 0 0 50
0 0 0 0 0 0 0 50
0 0 0 0 0 0 0 50
0 0 0 0 0 0 0 50
0 0 0 0 0 0 0 50
0 0 0 0 0 0 0 100
0 0 0 0 0 0 0 100
0 0 0 0 0 0 0 100
0 0 0 0 0 0 0 100
0 0 0 0 0 0 0 100
0 0 0 0 0 0 0 100
0 0 0 0 0 0 0 100
0 0 0 0 0 0 0 100
0 0 0 0 0 0 0 100
0 0 0 0 0 0 0 100
0 0 0 0 0 0 0 100
0 0 0 0 0 0 0 100
0 0 0 0 0 0 0 100
0 0 0 0 0 0 0 100
0 0 0 0 0 0 0 100
0 0 0 0 0 0 0 100
0 0 0 0 0 0 0 100
0 0 0 0 0 0 0 100
0 0 0 0 0 0 0 100
0 0 0 0 0 0 0 100
0 0 0 0 0 0 0 250
0 0 0 0 0 0 0 250
0 0 0 0 0 0 0 250
0 0 0 0 0 0 0 250
0 0 0 0 0 0 0 250
0 0 0 0 0 0 0 250
0 0 0 0 0 0 0 250
0 0 0 0 0 0 0 250
0 0 0 0 0 0 0 250
0 0 0 0 0 0 0 250
0 0 0 0 0 0 0 250
0 0 0 0 0 0 0 250
0 0 0 0 0 0 0 250
0 0 0 0 0 0 0 250
0 0 0 0 0 0 0 250
0 0 0 0 0 0 0 250
0 0 0 0 0 0 0 250
0 0 0 0 0 0 0 250
0 0 0 0 0 0 0 250
0 0 0 0 0 0 0 250
0 0 0 0 0 1 1 500
0 0 0 0 0 1 1 500
0 0 0 0 0 1 1 500
0 0 0 0 0 1 1 500
0 0 0 0 0 1 1 500
0 0 0 0 0 1 1 500
0 0 0 0 0 1 1 500
0 0 0 0 0 1 1 500
0 0 0 0 0 1 1 500
0 0 0 0 0 1 1 500
0 0 0 0 0 1 1 500
0 0 0 0 0 1 1 500
0 0 0 0 0 1 1 500
0 0 0 0 0 1 1 500
1 0 0 0 0 1 1 500
1 0 0 0 0 1 1 500
1 0 0 0 0 1 1 500
1 0 0 0 0 1 1 500
1 0 0 0 0 1 1 500
1 0 0 0 0 1 1 500
1 1 1 1 1 1 10 1000
1 1 1 1 1 1 10 1000
1 1 1 1 1 1 10 1000
1 1 1 1 1 1 10 1000
1 1 1 1 1 1 10 1000
1 1 1 1 1 1 10 1000
1 1 1 1 1 1 10 1000
1 1 1 1 1 1 10 1000
1 1 1 1 1 1 10 1000
1 1 1 1 1 1 10 1000
1 1 1 1 1 1 10 1000
1 1 1 1 1 1 10 1000
1 1 1 1 1 1 10 1000
1 1 1 1 1 1 10 1000
1 1 1 1 1 1 10 1000
1 1 1 1 1 1 10 1000
1 1 1 1 1 1 10 1000
2 1 1 1 1 1 10 1000
2 1 1 1 1 1 10 1000
10 1 1 1 1 1 10 1000
3 5 3 4 6 7 10 2000
4 5 3 4 6 7 10 2000
4 5 3 4 6 7 10 2000
4 5 3 4 6 7 10 2000
4 5 3 4 6 7 10 2000
4 5 3 4 6 7 10 2000
4 5 3 4 6 7 10 2000
4 5 3 4 6 7 10 2000
5 5 3 4 6 7 10 2000
6 5 3 4 6 7 10 2000
6 5 3 4 6 7 10 2000
6 5 3 4 6 7 10 2000
6 5 3 4 6 7 10 2000
6 5 3 4 6 7 10 2000
6 5 3 4 6 7 10 2000
7 5 3 4 6 7 10 2000
7 5 3 4 6 7 10 2000
7 5 3 4 6 7 10 2000
8 5 3 4 6 7 10 2000
10 5 3 4 6 7 10 2000
8 13 8 9 11 15 53 3000
8 13 8 9 11 15 53 3000
9 13 8 9 11 15 53 3000
9 13 8 9 11 15 53 3000
9 13 8 9 11 15 53 3000
9 13 8 9 11 15 53 3000
9 13 8 9 11 15 53 3000
9 13 8 9 11 15 53 3000
9 13 8 9 11 15 53 3000
10 13 8 9 11 15 53 3000
11 13 8 9 11 15 53 3000
14 13 8 9 11 15 53 3000
14 13 8 9 11 15 53 3000
15 13 8 9 11 15 53 3000
15 13 8 9 11 15 53 3000
15 13 8 9 11 15 53 3000
17 13 8 9 11 15 53 3000
18 13 8 9 11 15 53 3000
18 13 8 9 11 15 53 3000
53 13 8 9 11 15 53 3000
15 18 15 16 17 19 25 4000
15 18 15 16 17 19 25 4000
15 18 15 16 17 19 25 4000
15 18 15 16 17 19 25 4000
16 18 15 16 17 19 25 4000
16 18 15 16 17 19 25 4000
16 18 15 16 17 19 25 4000
16 18 15 16 17 19 25 4000
17 18 15 16 17 19 25 4000
17 18 15 16 17 19 25 4000
17 18 15 16 17 19 25 4000
18 18 15 16 17 19 25 4000
18 18 15 16 17 19 25 4000
19 18 15 16 17 19 25 4000
19 18 15 16 17 19 25 4000
19 18 15 16 17 19 25 4000
22 18 15 16 17 19 25 4000
23 18 15 16 17 19 25 4000
25 18 15 16 17 19 25 4000
25 18 15 16 17 19 25 4000
23 29 23 26 29 32 53 5000
23 29 23 26 29 32 53 5000
24 29 23 26 29 32 53 5000
24 29 23 26 29 32 53 5000
24 29 23 26 29 32 53 5000
26 29 23 26 29 32 53 5000
26 29 23 26 29 32 53 5000
28 29 23 26 29 32 53 5000
28 29 23 26 29 32 53 5000
28 29 23 26 29 32 53 5000
29 29 23 26 29 32 53 5000
29 29 23 26 29 32 53 5000
30 29 23 26 29 32 53 5000
30 29 23 26 29 32 53 5000
31 29 23 26 29 32 53 5000
32 29 23 26 29 32 53 5000
32 29 23 26 29 32 53 5000
35 29 23 26 29 32 53 5000
38 29 23 26 29 32 53 5000
53 29 23 26 29 32 53 5000
35 40 35 40 41 42 46 6000
36 40 35 40 41 42 46 6000
36 40 35 40 41 42 46 6000
38 40 35 40 41 42 46 6000
40 40 35 40 41 42 46 6000
40 40 35 40 41 42 46 6000
41 40 35 40 41 42 46 6000
41 40 35 40 41 42 46 6000
41 40 35 40 41 42 46 6000
41 40 35 40 41 42 46 6000
41 40 35 40 41 42 46 6000
41 40 35 40 41 42 46 6000
42 40 35 40 41 42 46 6000
42 40 35 40 41 42 46 6000
42 40 35 40 41 42 46 6000
42 40 35 40 41 42 46 6000
43 40 35 40 41 42 46 6000
43 40 35 40 41 42 46 6000
46 40 35 40 41 42 46 6000
46 40 35 40 41 42 46 6000
46 53 46 47 51 56 73 7000
46 53 46 47 51 56 73 7000
47 53 46 47 51 56 73 7000
47 53 46 47 51 56 73 7000
47 53 46 47 51 56 73 7000
47 53 46 47 51 56 73 7000
47 53 46 47 51 56 73 7000
49 53 46 47 51 56 73 7000
49 53 46 47 51 56 73 7000
51 53 46 47 51 56 73 7000
51 53 46 47 51 56 73 7000
52 53 46 47 51 56 73 7000
53 53 46 47 51 56 73 7000
53 53 46 47 51 56 73 7000
56 53 46 47 51 56 73 7000
56 53 46 47 51 56 73 7000
61 53 46 47 51 56 73 7000
65 53 46 47 51 56 73 7000
69 53 46 47 51 56 73 7000
73 53 46 47 51 56 73 7000
60 73 60 65 67 72 140 8000
60 73 60 65 67 72 140 8000
62 73 60 65 67 72 140 8000
64 73 60 65 67 72 140 8000
64 73 60 65 67 72 140 8000
65 73 60 65 67 72 140 8000
65 73 60 65 67 72 140 8000
66 73 60 65 67 72 140 8000
66 73 60 65 67 72 140 8000
66 73 60 65 67 72 140 8000
67 73 60 65 67 72 140 8000
67 73 60 65 67 72 140 8000
68 73 60 65 67 72 140 8000
68 73 60 65 67 72 140 8000
71 73 60 65 67 72 140 8000
72 73 60 65 67 72 140 8000
85 73 60 65 67 72 140 8000
97 73 60 65 67 72 140 8000
103 73 60 65 67 72 140 8000
140 73 60 65 67 72 140 8000
76 90 76 83 85 91 178 9000
79 90 76 83 85 91 178 9000
79 90 76 83 85 91 178 9000
80 90 76 83 85 91 178 9000
81 90 76 83 85 91 178 9000
83 90 76 83 85 91 178 9000
83 90 76 83 85 91 178 9000
84 90 76 83 85 91 178 9000
84 90 76 83 85 91 178 9000
85 90 76 83 85 91 178 9000
85 90 76 83 85 91 178 9000
87 90 76 83 85 91 178 9000
87 90 76 83 85 91 178 9000
88 90 76 83 85 91 178 9000
88 90 76 83 85 91 178 9000
91 90 76 83 85 91 178 9000
91 90 76 83 85 91 178 9000
102 90 76 83 85 91 178 9000
104 90 76 83 85 91 178 9000
178 90 76 83 85 91 178 9000
93 106 93 100 103 107 148 10000
97 106 93 100 103 107 148 10000
98 106 93 100 103 107 148 10000
98 106 93 100 103 107 148 10000
99 106 93 100 103 107 148 10000
100 106 93 100 103 107 148 10000
101 106 93 100 103 107 148 10000
102 106 93 100 103 107 148 10000
103 106 93 100 103 107 148 10000
103 106 93 100 103 107 148 10000
103 106 93 100 103 107 148 10000
105 106 93 100 103 107 148 10000
106 106 93 100 103 107 148 10000
106 106 93 100 103 107 148 10000
107 106 93 100 103 107 148 10000
107 106 93 100 103 107 148 10000
113 106 93 100 103 107 148 10000
117 106 93 100 103 107 148 10000
119 106 93 100 103 107 148 10000
148 106 93 100 103 107 148 10000
