0 0 0 0 0 0 0 1
0 0 0 0 0 0 0 1
0 0 0 0 0 0 0 1
0 0 0 0 0 0 0 1
0 0 0 0 0 0 0 1
0 0 0 0 0 0 0 1
0 0 0 0 0 0 0 1
0 0 0 0 0 0 0 1
0 0 0 0 0 0 0 1
0 0 0 0 0 0 0 1
0 0 0 0 0 0 0 1
0 0 0 0 0 0 0 1
0 0 0 0 0 0 0 1
0 0 0 0 0 0 0 1
0 0 0 0 0 0 0 1
0 0 0 0 0 0 0 1
0 0 0 0 0 0 0 1
0 0 0 0 0 0 0 1
0 0 0 0 0 0 0 1
0 0 0 0 0 0 0 1
0 0 0 0 0 0 0 10
0 0 0 0 0 0 0 10
0 0 0 0 0 0 0 10
0 0 0 0 0 0 0 10
0 0 0 0 0 0 0 10
0 0 0 0 0 0 0 10
0 0 0 0 0 0 0 10
0 0 0 0 0 0 0 10
0 0 0 0 0 0 0 10
0 0 0 0 0 0 0 10
0 0 0 0 0 0 0 10
0 0 0 0 0 0 0 10
0 0 0 0 0 0 0 10
0 0 0 0 0 0 0 10
0 0 0 0 0 0 0 10
0 0 0 0 0 0 0 10
0 0 0 0 0 0 0 10
0 0 0 0 0 0 0 10
0 0 0 0 0 0 0 10
0 0 0 0 0 0 0 10
0 0 0 0 0 0 0 50
0 0 0 0 0 0 0 50
0 0 0 0 0 0 0 50
0 0 0 0 0 0 0 50
0 0 0 0 0 0 0 50
0 0 0 0 0 0 0 50
0 0 0 0 0 0 0 50
0 0 0 0 0 0 0 50
0 0 0 0 0 0 0 50
0 0 0 0 0 0 0 50
0 0 0 0 0 0 0 50
0 0 0 0 0 0 0 50
0 0 0 0 0 0 0 50
0 0 0 0 0 0 0 50
0 0 0 0 0 0 0 50
0 0 0 0 0 0 0 50
0 0 0 0 0 0 0 50
0 0 0 0 0 0 0 50
0 0 0 0 0 0 0 50
0 0 0 0 0 0 0 50
0 0 0 0 0 0 0 100
0 0 0 0 0 0 0 100
0 0 0 0 0 0 0 100
0 0 0 0 0 0 0 100
0 0 0 0 0 0 0 100
0 0 0 0 0 0 0 100
0 0 0 0 0 0 0 100
0 0 0 0 0 0 0 100
0 0 0 0 0 0 0 100
0 0 0 0 0 0 0 100
0 0 0 0 0 0 0 100
0 0 0 0 0 0 0 100
0 0 0 0 0 0 0 100
0 0 0 0 0 0 0 100
0 0 0 0 0 0 0 100
0 0 0 0 0 0 0 100
0 0 0 0 0 0 0 100
0 0 0 0 0 0 0 100
0 0 0 0 0 0 0 100
0 0 0 0 0 0 0 100
0 0 0 0 0 0 1 250
0 0 0 0 0 0 1 250
0 0 0 0 0 0 1 250
0 0 0 0 0 0 1 250
0 0 0 0 0 0 1 250
0 0 0 0 0 0 1 250
0 0 0 0 0 0 1 250
0 0 0 0 0 0 1 250
0 0 0 0 0 0 1 250
0 0 0 0 0 0 1 250
0 0 0 0 0 0 1 250
0 0 0 0 0 0 1 250
0 0 0 0 0 0 1 250
0 0 0 0 0 0 1 250
0 0 0 0 0 0 1 250
0 0 0 0 0 0 1 250
0 0 0 0 0 0 1 250
0 0 0 0 0 0 1 250
0 0 0 0 0 0 1 250
1 0 0 0 0 0 1 250
0 0 0 0 0 1 1 500
0 0 0 0 0 1 1 500
0 0 0 0 0 1 1 500
0 0 0 0 0 1 1 500
0 0 0 0 0 1 1 500
0 0 0 0 0 1 1 500
0 0 0 0 0 1 1 500
0 0 0 0 0 1 1 500
0 0 0 0 0 1 1 500
0 0 0 0 0 1 1 500
0 0 0 0 0 1 1 500
0 0 0 0 0 1 1 500
0 0 0 0 0 1 1 500
0 0 0 0 0 1 1 500
0 0 0 0 0 1 1 500
1 0 0 0 0 1 1 500
1 0 0 0 0 1 1 500
1 0 0 0 0 1 1 500
1 0 0 0 0 1 1 500
1 0 0 0 0 1 1 500
1 1 1 1 1 1 4 1000
1 1 1 1 1 1 4 1000
1 1 1 1 1 1 4 1000
1 1 1 1 1 1 4 1000
1 1 1 1 1 1 4 1000
1 1 1 1 1 1 4 1000
1 1 1 1 1 1 4 1000
1 1 1 1 1 1 4 1000
1 1 1 1 1 1 4 1000
1 1 1 1 1 1 4 1000
1 1 1 1 1 1 4 1000
1 1 1 1 1 1 4 1000
1 1 1 1 1 1 4 1000
1 1 1 1 1 1 4 1000
1 1 1 1 1 1 4 1000
1 1 1 1 1 1 4 1000
1 1 1 1 1 1 4 1000
2 1 1 1 1 1 4 1000
2 1 1 1 1 1 4 1000
4 1 1 1 1 1 4 1000
3 5 3 4 5 6 9 2000
4 5 3 4 5 6 9 2000
4 5 3 4 5 6 9 2000
4 5 3 4 5 6 9 2000
4 5 3 4 5 6 9 2000
4 5 3 4 5 6 9 2000
4 5 3 4 5 6 9 2000
4 5 3 4 5 6 9 2000
4 5 3 4 5 6 9 2000
5 5 3 4 5 6 9 2000
5 5 3 4 5 6 9 2000
5 5 3 4 5 6 9 2000
5 5 3 4 5 6 9 2000
5 5 3 4 5 6 9 2000
5 5 3 4 5 6 9 2000
6 5 3 4 5 6 9 2000
6 5 3 4 5 6 9 2000
7 5 3 4 5 6 9 2000
8 5 3 4 5 6 9 2000
9 5 3 4 5 6 9 2000
8 13 8 10 12 15 27 3000
9 13 8 10 12 15 27 3000
9 13 8 10 12 15 27 3000
9 13 8 10 12 15 27 3000
9 13 8 10 12 15 27 3000
10 13 8 10 12 15 27 3000
10 13 8 10 12 15 27 3000
11 13 8 10 12 15 27 3000
11 13 8 10 12 15 27 3000
11 13 8 10 12 15 27 3000
12 13 8 10 12 15 27 3000
12 13 8 10 12 15 27 3000
12 13 8 10 12 15 27 3000
14 13 8 10 12 15 27 3000
14 13 8 10 12 15 27 3000
15 13 8 10 12 15 27 3000
16 13 8 10 12 15 27 3000
21 13 8 10 12 15 27 3000
21 13 8 10 12 15 27 3000
27 13 8 10 12 15 27 3000
16 24 16 19 22 24 55 4000
16 24 16 19 22 24 55 4000
18 24 16 19 22 24 55 4000
18 24 16 19 22 24 55 4000
19 24 16 19 22 24 55 4000
19 24 16 19 22 24 55 4000
19 24 16 19 22 24 55 4000
20 24 16 19 22 24 55 4000
21 24 16 19 22 24 55 4000
22 24 16 19 22 24 55 4000
22 24 16 19 22 24 55 4000
22 24 16 19 22 24 55 4000
22 24 16 19 22 24 55 4000
23 24 16 19 22 24 55 4000
24 24 16 19 22 24 55 4000
24 24 16 19 22 24 55 4000
31 24 16 19 22 24 55 4000
34 24 16 19 22 24 55 4000
44 24 16 19 22 24 55 4000
55 24 16 19 22 24 55 4000
24 30 24 26 29 30 63 5000
24 30 24 26 29 30 63 5000
25 30 24 26 29 30 63 5000
25 30 24 26 29 30 63 5000
25 30 24 26 29 30 63 5000
26 30 24 26 29 30 63 5000
26 30 24 26 29 30 63 5000
27 30 24 26 29 30 63 5000
27 30 24 26 29 30 63 5000
28 30 24 26 29 30 63 5000
29 30 24 26 29 30 63 5000
29 30 24 26 29 30 63 5000
29 30 24 26 29 30 63 5000
30 30 24 26 29 30 63 5000
30 30 24 26 29 30 63 5000
30 30 24 26 29 30 63 5000
31 30 24 26 29 30 63 5000
32 30 24 26 29 30 63 5000
43 30 24 26 29 30 63 5000
63 30 24 26 29 30 63 5000
33 59 33 42 64 73 90 6000
34 59 33 42 64 73 90 6000
35 59 33 42 64 73 90 6000
35 59 33 42 64 73 90 6000
41 59 33 42 64 73 90 6000
42 59 33 42 64 73 90 6000
47 59 33 42 64 73 90 6000
55 59 33 42 64 73 90 6000
56 59 33 42 64 73 90 6000
59 59 33 42 64 73 90 6000
64 59 33 42 64 73 90 6000
64 59 33 42 64 73 90 6000
67 59 33 42 64 73 90 6000
70 59 33 42 64 73 90 6000
70 59 33 42 64 73 90 6000
73 59 33 42 64 73 90 6000
77 59 33 42 64 73 90 6000
88 59 33 42 64 73 90 6000
90 59 33 42 64 73 90 6000
90 59 33 42 64 73 90 6000
50 71 50 64 72 82 100 7000
54 71 50 64 72 82 100 7000
55 71 50 64 72 82 100 7000
58 71 50 64 72 82 100 7000
62 71 50 64 72 82 100 7000
64 71 50 64 72 82 100 7000
64 71 50 64 72 82 100 7000
65 71 50 64 72 82 100 7000
65 71 50 64 72 82 100 7000
69 71 50 64 72 82 100 7000
72 71 50 64 72 82 100 7000
72 71 50 64 72 82 100 7000
74 71 50 64 72 82 100 7000
76 71 50 64 72 82 100 7000
79 71 50 64 72 82 100 7000
82 71 50 64 72 82 100 7000
83 71 50 64 72 82 100 7000
88 71 50 64 72 82 100 7000
94 71 50 64 72 82 100 7000
100 71 50 64 72 82 100 7000
74 98 74 80 89 104 237 8000
75 98 74 80 89 104 237 8000
76 98 74 80 89 104 237 8000
78 98 74 80 89 104 237 8000
79 98 74 80 89 104 237 8000
80 98 74 80 89 104 237 8000
83 98 74 80 89 104 237 8000
85 98 74 80 89 104 237 8000
86 98 74 80 89 104 237 8000
86 98 74 80 89 104 237 8000
89 98 74 80 89 104 237 8000
91 98 74 80 89 104 237 8000
94 98 74 80 89 104 237 8000
95 98 74 80 89 104 237 8000
97 98 74 80 89 104 237 8000
104 98 74 80 89 104 237 8000
111 98 74 80 89 104 237 8000
121 98 74 80 89 104 237 8000
131 98 74 80 89 104 237 8000
237 98 74 80 89 104 237 8000
76 106 76 92 107 120 155 9000
81 106 76 92 107 120 155 9000
84 106 76 92 107 120 155 9000
91 106 76 92 107 120 155 9000
91 106 76 92 107 120 155 9000
92 106 76 92 107 120 155 9000
99 106 76 92 107 120 155 9000
100 106 76 92 107 120 155 9000
106 106 76 92 107 120 155 9000
107 106 76 92 107 120 155 9000
107 106 76 92 107 120 155 9000
108 106 76 92 107 120 155 9000
111 106 76 92 107 120 155 9000
113 106 76 92 107 120 155 9000
115 106 76 92 107 120 155 9000
120 106 76 92 107 120 155 9000
124 106 76 92 107 120 155 9000
125 106 76 92 107 120 155 9000
131 106 76 92 107 120 155 9000
155 106 76 92 107 120 155 9000
94 140 94 115 131 151 356 10000
96 140 94 115 131 151 356 10000
98 140 94 115 131 151 356 10000
100 140 94 115 131 151 356 10000
110 140 94 115 131 151 356 10000
115 140 94 115 131 151 356 10000
115 140 94 115 131 151 356 10000
119 140 94 115 131 151 356 10000
122 140 94 115 131 151 356 10000
122 140 94 115 131 151 356 10000
131 140 94 115 131 151 356 10000
134 140 94 115 131 151 356 10000
138 140 94 115 131 151 356 10000
147 140 94 115 131 151 356 10000
148 140 94 115 131 151 356 10000
151 140 94 115 131 151 356 10000
158 140 94 115 131 151 356 10000
159 140 94 115 131 151 356 10000
198 140 94 115 131 151 356 10000
356 140 94 115 131 151 356 10000
