0 0 0 0 0 0 0 1
0 0 0 0 0 0 0 1
0 0 0 0 0 0 0 1
0 0 0 0 0 0 0 1
0 0 0 0 0 0 0 1
0 0 0 0 0 0 0 1
0 0 0 0 0 0 0 1
0 0 0 0 0 0 0 1
0 0 0 0 0 0 0 1
0 0 0 0 0 0 0 1
0 0 0 0 0 0 0 1
0 0 0 0 0 0 0 1
0 0 0 0 0 0 0 1
0 0 0 0 0 0 0 1
0 0 0 0 0 0 0 1
0 0 0 0 0 0 0 1
0 0 0 0 0 0 0 1
0 0 0 0 0 0 0 1
0 0 0 0 0 0 0 1
0 0 0 0 0 0 0 1
0 0 0 0 0 0 0 10
0 0 0 0 0 0 0 10
0 0 0 0 0 0 0 10
0 0 0 0 0 0 0 10
0 0 0 0 0 0 0 10
0 0 0 0 0 0 0 10
0 0 0 0 0 0 0 10
0 0 0 0 0 0 0 10
0 0 0 0 0 0 0 10
0 0 0 0 0 0 0 10
0 0 0 0 0 0 0 10
0 0 0 0 0 0 0 10
0 0 0 0 0 0 0 10
0 0 0 0 0 0 0 10
0 0 0 0 0 0 0 10
0 0 0 0 0 0 0 10
0 0 0 0 0 0 0 10
0 0 0 0 0 0 0 10
0 0 0 0 0 0 0 10
0 0 0 0 0 0 0 10
0 0 0 0 0 0 0 50
0 0 0 0 0 0 0 50
0 0 0 0 0 0 0 50
0 0 0 0 0 0 0 50
0 0 0 0 0 0 0 50
0 0 0 0 0 0 0 50
0 0 0 0 0 0 0 50
0 0 0 0 0 0 0 50
0 0 0 0 0 0 0 50
0 0 0 0 0 0 0 50
0 0 0 0 0 0 0 50
0 0 0 0 0 0 0 50
0 0 0 0 0 0 0 50
0 0 0 0 0 0 0 50
0 0 0 0 0 0 0 50
0 0 0 0 0 0 0 50
0 0 0 0 0 0 0 50
0 0 0 0 0 0 0 50
0 0 0 0 0 0 0 50
0 0 0 0 0 0 0 50
0 0 0 0 0 0 0 100
0 0 0 0 0 0 0 100
0 0 0 0 0 0 0 100
0 0 0 0 0 0 0 100
0 0 0 0 0 0 0 100
0 0 0 0 0 0 0 100
0 0 0 0 0 0 0 100
0 0 0 0 0 0 0 100
0 0 0 0 0 0 0 100
0 0 0 0 0 0 0 100
0 0 0 0 0 0 0 100
0 0 0 0 0 0 0 100
0 0 0 0 0 0 0 100
0 0 0 0 0 0 0 100
0 0 0 0 0 0 0 100
0 0 0 0 0 0 0 100
0 0 0 0 0 0 0 100
0 0 0 0 0 0 0 100
0 0 0 0 0 0 0 100
0 0 0 0 0 0 0 100
0 0 0 0 0 0 0 250
0 0 0 0 0 0 0 250
0 0 0 0 0 0 0 250
0 0 0 0 0 0 0 250
0 0 0 0 0 0 0 250
0 0 0 0 0 0 0 250
0 0 0 0 0 0 0 250
0 0 0 0 0 0 0 250
0 0 0 0 0 0 0 250
0 0 0 0 0 0 0 250
0 0 0 0 0 0 0 250
0 0 0 0 0 0 0 250
0 0 0 0 0 0 0 250
0 0 0 0 0 0 0 250
0 0 0 0 0 0 0 250
0 0 0 0 0 0 0 250
0 0 0 0 0 0 0 250
0 0 0 0 0 0 0 250
0 0 0 0 0 0 0 250
0 0 0 0 0 0 0 250
0 0 0 0 0 0 1 500
0 0 0 0 0 0 1 500
0 0 0 0 0 0 1 500
0 0 0 0 0 0 1 500
0 0 0 0 0 0 1 500
0 0 0 0 0 0 1 500
0 0 0 0 0 0 1 500
0 0 0 0 0 0 1 500
0 0 0 0 0 0 1 500
0 0 0 0 0 0 1 500
0 0 0 0 0 0 1 500
0 0 0 0 0 0 1 500
0 0 0 0 0 0 1 500
0 0 0 0 0 0 1 500
0 0 0 0 0 0 1 500
0 0 0 0 0 0 1 500
0 0 0 0 0 0 1 500
0 0 0 0 0 0 1 500
0 0 0 0 0 0 1 500
1 0 0 0 0 0 1 500
1 1 1 1 1 1 2 1000
1 1 1 1 1 1 2 1000
1 1 1 1 1 1 2 1000
1 1 1 1 1 1 2 1000
1 1 1 1 1 1 2 1000
1 1 1 1 1 1 2 1000
1 1 1 1 1 1 2 1000
1 1 1 1 1 1 2 1000
1 1 1 1 1 1 2 1000
1 1 1 1 1 1 2 1000
1 1 1 1 1 1 2 1000
1 1 1 1 1 1 2 1000
1 1 1 1 1 1 2 1000
1 1 1 1 1 1 2 1000
1 1 1 1 1 1 2 1000
1 1 1 1 1 1 2 1000
1 1 1 1 1 1 2 1000
2 1 1 1 1 1 2 1000
2 1 1 1 1 1 2 1000
2 1 1 1 1 1 2 1000
4 7 4 5 5 7 29 2000
4 7 4 5 5 7 29 2000
4 7 4 5 5 7 29 2000
4 7 4 5 5 7 29 2000
4 7 4 5 5 7 29 2000
5 7 4 5 5 7 29 2000
5 7 4 5 5 7 29 2000
5 7 4 5 5 7 29 2000
5 7 4 5 5 7 29 2000
5 7 4 5 5 7 29 2000
5 7 4 5 5 7 29 2000
5 7 4 5 5 7 29 2000
6 7 4 5 5 7 29 2000
6 7 4 5 5 7 29 2000
7 7 4 5 5 7 29 2000
7 7 4 5 5 7 29 2000
10 7 4 5 5 7 29 2000
12 7 4 5 5 7 29 2000
17 7 4 5 5 7 29 2000
29 7 4 5 5 7 29 2000
8 10 8 9 10 10 18 3000
8 10 8 9 10 10 18 3000
8 10 8 9 10 10 18 3000
8 10 8 9 10 10 18 3000
8 10 8 9 10 10 18 3000
9 10 8 9 10 10 18 3000
9 10 8 9 10 10 18 3000
9 10 8 9 10 10 18 3000
9 10 8 9 10 10 18 3000
9 10 8 9 10 10 18 3000
10 10 8 9 10 10 18 3000
10 10 8 9 10 10 18 3000
10 10 8 9 10 10 18 3000
10 10 8 9 10 10 18 3000
10 10 8 9 10 10 18 3000
10 10 8 9 10 10 18 3000
13 10 8 9 10 10 18 3000
16 10 8 9 10 10 18 3000
17 10 8 9 10 10 18 3000
18 10 8 9 10 10 18 3000
15 19 15 18 19 21 35 4000
16 19 15 18 19 21 35 4000
16 19 15 18 19 21 35 4000
17 19 15 18 19 21 35 4000
17 19 15 18 19 21 35 4000
18 19 15 18 19 21 35 4000
18 19 15 18 19 21 35 4000
18 19 15 18 19 21 35 4000
19 19 15 18 19 21 35 4000
19 19 15 18 19 21 35 4000
19 19 15 18 19 21 35 4000
19 19 15 18 19 21 35 4000
20 19 15 18 19 21 35 4000
20 19 15 18 19 21 35 4000
21 19 15 18 19 21 35 4000
21 19 15 18 19 21 35 4000
22 19 15 18 19 21 35 4000
23 19 15 18 19 21 35 4000
24 19 15 18 19 21 35 4000
35 19 15 18 19 21 35 4000
23 28 23 25 30 31 35 5000
23 28 23 25 30 31 35 5000
24 28 23 25 30 31 35 5000
24 28 23 25 30 31 35 5000
24 28 23 25 30 31 35 5000
25 28 23 25 30 31 35 5000
26 28 23 25 30 31 35 5000
26 28 23 25 30 31 35 5000
29 28 23 25 30 31 35 5000
29 28 23 25 30 31 35 5000
30 28 23 25 30 31 35 5000
31 28 23 25 30 31 35 5000
31 28 23 25 30 31 35 5000
31 28 23 25 30 31 35 5000
31 28 23 25 30 31 35 5000
31 28 23 25 30 31 35 5000
31 28 23 25 30 31 35 5000
33 28 23 25 30 31 35 5000
34 28 23 25 30 31 35 5000
35 28 23 25 30 31 35 5000
35 46 35 41 42 45 81 6000
36 46 35 41 42 45 81 6000
39 46 35 41 42 45 81 6000
40 46 35 41 42 45 81 6000
40 46 35 41 42 45 81 6000
41 46 35 41 42 45 81 6000
41 46 35 41 42 45 81 6000
41 46 35 41 42 45 81 6000
42 46 35 41 42 45 81 6000
42 46 35 41 42 45 81 6000
42 46 35 41 42 45 81 6000
43 46 35 41 42 45 81 6000
43 46 35 41 42 45 81 6000
43 46 35 41 42 45 81 6000
44 46 35 41 42 45 81 6000
45 46 35 41 42 45 81 6000
56 46 35 41 42 45 81 6000
61 46 35 41 42 45 81 6000
67 46 35 41 42 45 81 6000
81 46 35 41 42 45 81 6000
47 56 47 54 55 58 73 7000
53 56 47 54 55 58 73 7000
54 56 47 54 55 58 73 7000
54 56 47 54 55 58 73 7000
54 56 47 54 55 58 73 7000
54 56 47 54 55 58 73 7000
54 56 47 54 55 58 73 7000
55 56 47 54 55 58 73 7000
55 56 47 54 55 58 73 7000
55 56 47 54 55 58 73 7000
55 56 47 54 55 58 73 7000
56 56 47 54 55 58 73 7000
56 56 47 54 55 58 73 7000
56 56 47 54 55 58 73 7000
57 56 47 54 55 58 73 7000
58 56 47 54 55 58 73 7000
58 56 47 54 55 58 73 7000
59 56 47 54 55 58 73 7000
66 56 47 54 55 58 73 7000
73 56 47 54 55 58 73 7000
61 68 61 63 67 72 88 8000
62 68 61 63 67 72 88 8000
63 68 61 63 67 72 88 8000
63 68 61 63 67 72 88 8000
63 68 61 63 67 72 88 8000
63 68 61 63 67 72 88 8000
64 68 61 63 67 72 88 8000
65 68 61 63 67 72 88 8000
67 68 61 63 67 72 88 8000
67 68 61 63 67 72 88 8000
67 68 61 63 67 72 88 8000
67 68 61 63 67 72 88 8000
68 68 61 63 67 72 88 8000
69 68 61 63 67 72 88 8000
69 68 61 63 67 72 88 8000
72 68 61 63 67 72 88 8000
72 68 61 63 67 72 88 8000
72 68 61 63 67 72 88 8000
81 68 61 63 67 72 88 8000
88 68 61 63 67 72 88 8000
75 82 75 79 81 88 96 9000
75 82 75 79 81 88 96 9000
76 82 75 79 81 88 96 9000
77 82 75 79 81 88 96 9000
78 82 75 79 81 88 96 9000
79 82 75 79 81 88 96 9000
79 82 75 79 81 88 96 9000
80 82 75 79 81 88 96 9000
80 82 75 79 81 88 96 9000
81 82 75 79 81 88 96 9000
81 82 75 79 81 88 96 9000
82 82 75 79 81 88 96 9000
82 82 75 79 81 88 96 9000
85 82 75 79 81 88 96 9000
85 82 75 79 81 88 96 9000
88 82 75 79 81 88 96 9000
88 82 75 79 81 88 96 9000
90 82 75 79 81 88 96 9000
90 82 75 79 81 88 96 9000
96 82 75 79 81 88 96 9000
92 96 92 95 96 98 104 10000
92 96 92 95 96 98 104 10000
93 96 92 95 96 98 104 10000
94 96 92 95 96 98 104 10000
95 96 92 95 96 98 104 10000
95 96 92 95 96 98 104 10000
95 96 92 95 96 98 104 10000
95 96 92 95 96 98 104 10000
96 96 92 95 96 98 104 10000
96 96 92 95 96 98 104 10000
96 96 92 95 96 98 104 10000
97 96 92 95 96 98 104 10000
97 96 92 95 96 98 104 10000
97 96 92 95 96 98 104 10000
98 96 92 95 96 98 104 10000
98 96 92 95 96 98 104 10000
98 96 92 95 96 98 104 10000
99 96 92 95 96 98 104 10000
99 96 92 95 96 98 104 10000
104 96 92 95 96 98 104 10000
