0 0 0 0 0 0 0 1
0 0 0 0 0 0 0 1
0 0 0 0 0 0 0 1
0 0 0 0 0 0 0 1
0 0 0 0 0 0 0 1
0 0 0 0 0 0 0 1
0 0 0 0 0 0 0 1
0 0 0 0 0 0 0 1
0 0 0 0 0 0 0 1
0 0 0 0 0 0 0 1
0 0 0 0 0 0 0 1
0 0 0 0 0 0 0 1
0 0 0 0 0 0 0 1
0 0 0 0 0 0 0 1
0 0 0 0 0 0 0 1
0 0 0 0 0 0 0 1
0 0 0 0 0 0 0 1
0 0 0 0 0 0 0 1
0 0 0 0 0 0 0 1
0 0 0 0 0 0 0 1
0 0 0 0 0 0 0 10
0 0 0 0 0 0 0 10
0 0 0 0 0 0 0 10
0 0 0 0 0 0 0 10
0 0 0 0 0 0 0 10
0 0 0 0 0 0 0 10
0 0 0 0 0 0 0 10
0 0 0 0 0 0 0 10
0 0 0 0 0 0 0 10
0 0 0 0 0 0 0 10
0 0 0 0 0 0 0 10
0 0 0 0 0 0 0 10
0 0 0 0 0 0 0 10
0 0 0 0 0 0 0 10
0 0 0 0 0 0 0 10
0 0 0 0 0 0 0 10
0 0 0 0 0 0 0 10
0 0 0 0 0 0 0 10
0 0 0 0 0 0 0 10
0 0 0 0 0 0 0 10
0 0 0 0 0 0 0 50
0 0 0 0 0 0 0 50
0 0 0 0 0 0 0 50
0 0 0 0 0 0 0 50
0 0 0 0 0 0 0 50
0 0 0 0 0 0 0 50
0 0 0 0 0 0 0 50
0 0 0 0 0 0 0 50
0 0 0 0 0 0 0 50
0 0 0 0 0 0 0 50
0 0 0 0 0 0 0 50
0 0 0 0 0 0 0 50
0 0 0 0 0 0 0 50
0 0 0 0 0 0 0 50
0 0 0 0 0 0 0 50
0 0 0 0 0 0 0 50
0 0 0 0 0 0 0 50
0 0 0 0 0 0 0 50
0 0 0 0 0 0 0 50
0 0 0 0 0 0 0 50
0 0 0 0 0 0 0 100
0 0 0 0 0 0 0 100
0 0 0 0 0 0 0 100
0 0 0 0 0 0 0 100
0 0 0 0 0 0 0 100
0 0 0 0 0 0 0 100
0 0 0 0 0 0 0 100
0 0 0 0 0 0 0 100
0 0 0 0 0 0 0 100
0 0 0 0 0 0 0 100
0 0 0 0 0 0 0 100
0 0 0 0 0 0 0 100
0 0 0 0 0 0 0 100
0 0 0 0 0 0 0 100
0 0 0 0 0 0 0 100
0 0 0 0 0 0 0 100
0 0 0 0 0 0 0 100
0 0 0 0 0 0 0 100
0 0 0 0 0 0 0 100
0 0 0 0 0 0 0 100
0 0 0 0 0 0 1 250
0 0 0 0 0 0 1 250
0 0 0 0 0 0 1 250
0 0 0 0 0 0 1 250
0 0 0 0 0 0 1 250
0 0 0 0 0 0 1 250
0 0 0 0 0 0 1 250
0 0 0 0 0 0 1 250
0 0 0 0 0 0 1 250
0 0 0 0 0 0 1 250
0 0 0 0 0 0 1 250
0 0 0 0 0 0 1 250
0 0 0 0 0 0 1 250
0 0 0 0 0 0 1 250
0 0 0 0 0 0 1 250
0 0 0 0 0 0 1 250
0 0 0 0 0 0 1 250
0 0 0 0 0 0 1 250
0 0 0 0 0 0 1 250
1 0 0 0 0 0 1 250
0 0 0 0 0 0 1 500
0 0 0 0 0 0 1 500
0 0 0 0 0 0 1 500
0 0 0 0 0 0 1 500
0 0 0 0 0 0 1 500
0 0 0 0 0 0 1 500
0 0 0 0 0 0 1 500
0 0 0 0 0 0 1 500
0 0 0 0 0 0 1 500
0 0 0 0 0 0 1 500
0 0 0 0 0 0 1 500
0 0 0 0 0 0 1 500
0 0 0 0 0 0 1 500
0 0 0 0 0 0 1 500
0 0 0 0 0 0 1 500
0 0 0 0 0 0 1 500
1 0 0 0 0 0 1 500
1 0 0 0 0 0 1 500
1 0 0 0 0 0 1 500
1 0 0 0 0 0 1 500
0 1 0 1 1 1 5 1000
0 1 0 1 1 1 5 1000
0 1 0 1 1 1 5 1000
1 1 0 1 1 1 5 1000
1 1 0 1 1 1 5 1000
1 1 0 1 1 1 5 1000
1 1 0 1 1 1 5 1000
1 1 0 1 1 1 5 1000
1 1 0 1 1 1 5 1000
1 1 0 1 1 1 5 1000
1 1 0 1 1 1 5 1000
1 1 0 1 1 1 5 1000
1 1 0 1 1 1 5 1000
1 1 0 1 1 1 5 1000
1 1 0 1 1 1 5 1000
1 1 0 1 1 1 5 1000
1 1 0 1 1 1 5 1000
2 1 0 1 1 1 5 1000
2 1 0 1 1 1 5 1000
5 1 0 1 1 1 5 1000
3 4 3 3 4 6 10 2000
3 4 3 3 4 6 10 2000
3 4 3 3 4 6 10 2000
3 4 3 3 4 6 10 2000
3 4 3 3 4 6 10 2000
3 4 3 3 4 6 10 2000
3 4 3 3 4 6 10 2000
4 4 3 3 4 6 10 2000
4 4 3 3 4 6 10 2000
4 4 3 3 4 6 10 2000
4 4 3 3 4 6 10 2000
4 4 3 3 4 6 10 2000
4 4 3 3 4 6 10 2000
4 4 3 3 4 6 10 2000
4 4 3 3 4 6 10 2000
6 4 3 3 4 6 10 2000
6 4 3 3 4 6 10 2000
7 4 3 3 4 6 10 2000
8 4 3 3 4 6 10 2000
10 4 3 3 4 6 10 2000
7 11 7 8 9 15 29 3000
7 11 7 8 9 15 29 3000
7 11 7 8 9 15 29 3000
7 11 7 8 9 15 29 3000
7 11 7 8 9 15 29 3000
8 11 7 8 9 15 29 3000
8 11 7 8 9 15 29 3000
8 11 7 8 9 15 29 3000
8 11 7 8 9 15 29 3000
9 11 7 8 9 15 29 3000
9 11 7 8 9 15 29 3000
10 11 7 8 9 15 29 3000
10 11 7 8 9 15 29 3000
14 11 7 8 9 15 29 3000
14 11 7 8 9 15 29 3000
15 11 7 8 9 15 29 3000
16 11 7 8 9 15 29 3000
17 11 7 8 9 15 29 3000
17 11 7 8 9 15 29 3000
29 11 7 8 9 15 29 3000
12 18 12 14 16 22 38 4000
13 18 12 14 16 22 38 4000
13 18 12 14 16 22 38 4000
13 18 12 14 16 22 38 4000
13 18 12 14 16 22 38 4000
14 18 12 14 16 22 38 4000
14 18 12 14 16 22 38 4000
14 18 12 14 16 22 38 4000
15 18 12 14 16 22 38 4000
15 18 12 14 16 22 38 4000
16 18 12 14 16 22 38 4000
16 18 12 14 16 22 38 4000
16 18 12 14 16 22 38 4000
19 18 12 14 16 22 38 4000
21 18 12 14 16 22 38 4000
22 18 12 14 16 22 38 4000
27 18 12 14 16 22 38 4000
31 18 12 14 16 22 38 4000
36 18 12 14 16 22 38 4000
38 18 12 14 16 22 38 4000
19 22 19 20 21 25 35 5000
19 22 19 20 21 25 35 5000
19 22 19 20 21 25 35 5000
19 22 19 20 21 25 35 5000
19 22 19 20 21 25 35 5000
20 22 19 20 21 25 35 5000
20 22 19 20 21 25 35 5000
20 22 19 20 21 25 35 5000
20 22 19 20 21 25 35 5000
20 22 19 20 21 25 35 5000
21 22 19 20 21 25 35 5000
21 22 19 20 21 25 35 5000
21 22 19 20 21 25 35 5000
22 22 19 20 21 25 35 5000
23 22 19 20 21 25 35 5000
25 22 19 20 21 25 35 5000
27 22 19 20 21 25 35 5000
29 22 19 20 21 25 35 5000
31 22 19 20 21 25 35 5000
35 22 19 20 21 25 35 5000
28 50 28 38 47 60 89 6000
31 50 28 38 47 60 89 6000
32 50 28 38 47 60 89 6000
32 50 28 38 47 60 89 6000
32 50 28 38 47 60 89 6000
38 50 28 38 47 60 89 6000
39 50 28 38 47 60 89 6000
46 50 28 38 47 60 89 6000
47 50 28 38 47 60 89 6000
47 50 28 38 47 60 89 6000
47 50 28 38 47 60 89 6000
51 50 28 38 47 60 89 6000
55 50 28 38 47 60 89 6000
57 50 28 38 47 60 89 6000
58 50 28 38 47 60 89 6000
60 50 28 38 47 60 89 6000
64 50 28 38 47 60 89 6000
69 50 28 38 47 60 89 6000
80 50 28 38 47 60 89 6000
89 50 28 38 47 60 89 6000
37 58 37 52 58 70 78 7000
40 58 37 52 58 70 78 7000
42 58 37 52 58 70 78 7000
44 58 37 52 58 70 78 7000
50 58 37 52 58 70 78 7000
52 58 37 52 58 70 78 7000
53 58 37 52 58 70 78 7000
54 58 37 52 58 70 78 7000
56 58 37 52 58 70 78 7000
58 58 37 52 58 70 78 7000
58 58 37 52 58 70 78 7000
58 58 37 52 58 70 78 7000
61 58 37 52 58 70 78 7000
64 58 37 52 58 70 78 7000
69 58 37 52 58 70 78 7000
70 58 37 52 58 70 78 7000
74 58 37 52 58 70 78 7000
77 58 37 52 58 70 78 7000
77 58 37 52 58 70 78 7000
78 58 37 52 58 70 78 7000
51 76 51 65 77 85 112 8000
54 76 51 65 77 85 112 8000
58 76 51 65 77 85 112 8000
64 76 51 65 77 85 112 8000
64 76 51 65 77 85 112 8000
65 76 51 65 77 85 112 8000
68 76 51 65 77 85 112 8000
69 76 51 65 77 85 112 8000
72 76 51 65 77 85 112 8000
74 76 51 65 77 85 112 8000
77 76 51 65 77 85 112 8000
77 76 51 65 77 85 112 8000
80 76 51 65 77 85 112 8000
81 76 51 65 77 85 112 8000
82 76 51 65 77 85 112 8000
85 76 51 65 77 85 112 8000
88 76 51 65 77 85 112 8000
90 76 51 65 77 85 112 8000
109 76 51 65 77 85 112 8000
112 76 51 65 77 85 112 8000
62 84 62 68 86 98 128 9000
62 84 62 68 86 98 128 9000
64 84 62 68 86 98 128 9000
65 84 62 68 86 98 128 9000
66 84 62 68 86 98 128 9000
68 84 62 68 86 98 128 9000
72 84 62 68 86 98 128 9000
74 84 62 68 86 98 128 9000
76 84 62 68 86 98 128 9000
77 84 62 68 86 98 128 9000
86 84 62 68 86 98 128 9000
86 84 62 68 86 98 128 9000
89 84 62 68 86 98 128 9000
89 84 62 68 86 98 128 9000
94 84 62 68 86 98 128 9000
98 84 62 68 86 98 128 9000
103 84 62 68 86 98 128 9000
104 84 62 68 86 98 128 9000
120 84 62 68 86 98 128 9000
128 84 62 68 86 98 128 9000
79 102 79 84 89 100 259 10000
79 102 79 84 89 100 259 10000
80 102 79 84 89 100 259 10000
82 102 79 84 89 100 259 10000
83 102 79 84 89 100 259 10000
84 102 79 84 89 100 259 10000
85 102 79 84 89 100 259 10000
85 102 79 84 89 100 259 10000
86 102 79 84 89 100 259 10000
88 102 79 84 89 100 259 10000
89 102 79 84 89 100 259 10000
91 102 79 84 89 100 259 10000
91 102 79 84 89 100 259 10000
93 102 79 84 89 100 259 10000
96 102 79 84 89 100 259 10000
100 102 79 84 89 100 259 10000
105 102 79 84 89 100 259 10000
109 102 79 84 89 100 259 10000
181 102 79 84 89 100 259 10000
259 102 79 84 89 100 259 10000
